0,0,0,20910000,28.6719,7.27596e-12,4.33681e-19,8,7.27596e-12,4.33681e-19,4.1326e-39
0,0,0,70910000,-0.247918,-0.013427,0.0964737,-0.00764281,0.0740161,-0.00119992,28.6719
0,0,6,370910000,-0.10417,-0.0179151,0.0505972,-0.00190549,0.0113292,-0.00184998,28.7539
0,0,6,420910000,-0.0535165,0.0238238,-0.127855,-0.00273138,-0.0112057,-0.00184812,28.7539
0,0,6,470910000,-0.10327,0.00672226,0.0635977,-0.00586435,0.00402946,0.00123586,28.7539
0,0,6,520910000,-0.067533,-0.0179473,-0.0313864,-0.00409409,0.00323188,0.000773929,28.7539
0,0,6,570910000,-0.0820867,0.00255786,-0.0127077,-0.00161193,-0.00695065,0.00377577,28.7539
0,0,6,620910000,-0.0648795,0.0320275,0.26024,0.0195527,0.00518989,0.000427477,28.7539
0,0,6,670910000,-0.0670959,0.0218104,-0.0994024,0.00514519,-0.00259429,0.0135934,28.7539
0,0,6,720910000,-0.092034,-0.00223649,0.0300446,-0.0150584,-0.0106972,0.00345577,28.7539
0,0,6,770910000,-0.0659495,-0.0147091,-0.0340281,0.000539608,-0.00350662,-0.000908971,28.7539
0,0,6,820910000,-0.0845843,0.00276709,0.0606375,0.00468437,0.00209492,0.00124779,28.7539
0,0,6,870910000,-0.0699711,-0.00477246,-0.0508909,-0.0143059,0.00288542,0.00298079,28.7539
0,0,6,920910000,-0.0872562,-0.0140614,0.0765057,0.000135042,0.00214595,1.67638e-06,28.7539
0,0,6,970910000,-0.0686755,-0.00873032,-0.00166035,-0.00225976,0.0138303,-0.00369921,28.7773
0,0,7,20910000,-0.0740397,0.000690678,0.0119038,-0.000885874,-0.00412092,0.00123661,28.7773
0,0,7,70910000,-0.0639692,0.00760588,0.00772858,0.00194106,0.00562463,-0.0010673,28.7773
0,0,7,120910000,-0.0667478,-0.0226835,-0.0179472,0.00206661,0.00915062,-0.00241101,28.7773
0,0,7,170910000,-0.0966292,0.00588251,0.00403786,-0.000978261,0.000637584,-0.00198185,28.7773
0,0,7,220910000,-0.0932794,-0.0183898,0.0288219,-0.00325069,0.00243951,0.00165347,28.7773
0,0,7,270910000,-0.0821102,0.00353264,-0.00785065,-0.00223555,0.00105593,-7.30157e-05,28.7773
0,0,7,320910000,-0.0808527,0.00177021,0.00836945,-0.000124052,0.00176076,0.00246186,28.7773
0,0,7,370910000,-0.080757,-0.00657517,0.0141754,-0.00296496,0.00365805,0.000846572,28.7773
0,0,7,420910000,-0.0893357,0.0161804,0.00264454,-0.00454262,0.00544023,-0.000243262,28.7773
0,0,7,470910000,-0.0725798,-0.00734755,-0.00032711,-0.0063397,-0.00226796,0.00245441,28.7773
0,0,7,520910000,-0.0790261,-0.000449741,0.0344629,-0.00209473,0.00273306,0.000827573,28.7773
0,0,7,570910000,-0.056956,-0.00128323,-0.0306358,-0.00349917,0.000227056,-0.000223517,28.7773
0,0,7,620910000,-0.0101767,-0.018901,0.027173,-0.00704117,0.0255914,0.00183303,28.7773
0,0,7,670910000,-0.0637235,-0.00455088,-0.0122633,0.00126269,0.0040127,-0.000233948,28.7773
0,0,7,720910000,-0.0657699,-0.00535548,0.0292253,-0.00133216,-0.00224225,0.00196192,28.7773
0,0,7,770910000,-0.0711894,-0.0155822,-0.0731831,-0.000919029,0.0104016,-0.0158738,28.7773
0,0,7,820910000,-0.0825704,0.0472062,-0.0224457,-0.00144318,-0.00370853,-0.0140235,28.7773
0,0,7,870910000,-0.114387,-0.008312,0.22728,-0.00621043,-0.0134688,0.010282,28.7773
0,0,7,920910000,-0.0587973,0.00662317,-0.0680485,-0.000540912,-0.0129275,0.00436585,28.7773
0,0,7,970910000,-0.0660688,-0.0341349,-0.00678158,0.000316836,0.0160551,-0.00047572,28.8477
0,0,8,20910000,-0.0929814,-0.00384209,0.0297308,-0.000515953,0.00125486,0.0035299,28.8477
0,0,8,70910000,-0.107539,-0.00978917,0.0767708,0.00416432,0.00333805,0.0020301,28.8477
0,0,8,120910000,-0.0892538,0.0144258,-0.00155735,0.000275113,0.000706129,0.000944547,28.8477
0,0,8,170910000,-0.088708,-0.0110359,0.0877419,0.00415538,0.00766758,0.00200476,28.8477
0,0,8,220910000,-0.0560349,0.0125911,-0.0555077,0.00628736,0.00542868,0.00297818,28.8477
0,0,8,270910000,-0.101164,-0.0201167,-0.0141916,0.00492465,0.00351164,0.0018226,28.8477
0,0,8,320910000,-0.0780056,0.00705835,0.0204039,0.00286084,0.0014754,0.000216253,28.8477
0,0,8,370910000,-0.0808468,0.0171217,0.021596,-0.000815839,0.003835,0.000868924,28.8477
0,0,8,420910000,-0.0864264,-0.0195129,0.049655,0.0013331,0.00225212,0.0018945,28.8477
0,0,8,470910000,-0.0808651,0.0130024,0.0113401,-0.000401959,0.00348296,0.00128616,28.8477
0,0,8,520910000,-0.064255,-0.00235033,0.0011797,0.000629388,0.00296701,0.000298955,28.8477
0,0,8,570910000,-0.0874262,-0.0209478,0.0409784,0.000857003,0.00656527,0.00160318,28.8477
0,0,8,620910000,-0.0689165,-0.000989806,-0.00543976,0.0013357,-0.000491738,0.00297148,28.8477
0,0,8,670910000,-0.0759339,-0.00534174,-0.0270519,-0.00191145,0.00633691,0.000848807,28.8477
0,0,8,720910000,-0.0825529,-0.00406518,0.00295448,0.00220891,0.00243876,0.0036126,28.8477
0,0,8,770910000,-0.0697405,-0.00378301,-0.0133505,-0.00138581,0.00508893,0.00136327,28.8477
0,0,8,820910000,-0.0795167,-0.0139007,0.027359,0.00412557,0.00327956,0.00176188,28.8477
0,0,8,870910000,-0.0704479,0.00754002,0.02775,0.00200588,0.00532586,0.00170711,28.8477
0,0,8,920910000,-0.0806216,-0.0162341,-0.00888824,0.00173878,-0.00193194,0.00389162,28.8477
0,0,8,970910000,-0.0642058,-0.0294152,-0.0505495,-0.0374887,-0.0509057,-0.00767373,28.8203
0,0,9,20910000,-0.065811,0.0532377,0.11468,-0.119745,-0.116711,-0.133707,28.8203
0,0,9,70910000,-0.0713982,-0.0125233,0.401984,-0.0406101,-0.0760622,-0.0380199,28.8203
0,0,9,120910000,0.00745801,0.329821,0.0325432,0.260259,-0.0467673,0.0221299,28.8203
0,0,9,170910000,-0.563915,2.93843,2.84046,1.65202,0.724245,1.06906,28.8203
0,0,9,220910000,-0.530093,-0.27065,0.339504,2.86717,1.82792,0.967758,28.8203
0,0,9,270910000,-0.668369,0.593469,0.753634,1.99808,4.12279,0.517057,28.8203
0,0,9,320910000,0.597122,-0.578344,-2.99731,1.13159,3.0961,0.163684,28.8203
0,0,9,370910000,1.58693,0.918611,-2.67913,0.247047,-1.51195,1.01683,28.8203
0,0,9,420910000,1.15847,-0.714745,1.06028,-1.04613,-4.30184,0.540563,28.8203
0,0,9,470910000,1.38378,0.266076,1.73241,-0.292696,-2.59531,0.152017,28.8203
0,0,9,520910000,0.379393,1.6128,2.79563,-0.34466,-2.25465,-0.403269,28.8203
0,0,9,570910000,0.148963,1.35384,1.25441,-0.244951,1.00151,0.141307,28.8203
0,0,9,620910000,-0.581322,-1.987,-0.382529,0.551998,8.37198,1.81645,28.8203
0,0,9,670910000,-0.684861,-1.16928,-1.67102,0.934376,2.68854,0.286978,28.8203
0,0,9,720910000,1.75315,0.414833,-3.03046,0.499725,-0.779898,0.0749902,28.8203
0,0,9,770910000,-0.679776,-1.88629,0.272768,-1.21628,-8.469,-0.823615,28.8203
0,0,9,820910000,0.51319,2.81026,3.81588,-0.205667,-1.70094,-0.872826,28.8203
0,0,9,870910000,-0.477136,1.30318,1.34601,0.334388,-0.306974,-0.168219,28.8203
0,0,9,920910000,-3.54462,1.54877,5.00851,0.560308,6.34599,1.0089,28.8203
0,0,9,970910000,-1.74581,-3.26026,-3.4143,0.0377281,5.6607,0.137537,28.8398
0,0,10,20910000,1.59393,0.260729,-2.42961,0.352112,-0.295064,0.10498,28.8398
0,0,10,70910000,0.941306,-3.09242,-6.33245,-1.12549,-6.10214,0.614038,28.8398
0,0,10,120910000,1.89486,2.88527,6.44442,-1.13283,-4.36099,-1.16836,28.8398
0,0,10,170910000,-0.873492,0.0253337,0.397008,-0.642612,-0.458763,-0.500953,28.8398
0,0,10,220910000,-1.14311,1.7121,3.47072,0.138275,2.51902,-0.209369,28.8398
0,0,10,270910000,2.37269,-1.09931,-8.45856,-0.445639,1.68262,-0.219819,28.8398
0,0,10,320910000,0.066202,-0.234468,0.409742,-2.042,-1.15611,-0.215832,28.8398
0,0,10,370910000,0.285235,-1.92598,-0.352937,-1.90762,-0.766337,-0.309901,28.8398
0,0,10,420910000,-0.271124,0.846701,0.510497,0.197225,0.147523,0.129773,28.8398
0,0,10,470910000,0.0572831,-0.205918,-0.31179,0.266717,0.226599,0.110416,28.8398
0,0,10,520910000,-0.289749,0.142015,0.565963,0.0461401,0.0431137,0.00376012,28.8398
0,0,10,570910000,-0.0963694,-0.000258192,-0.121539,-0.0478737,0.0268711,-0.0062786,28.8398
0,0,10,620910000,-0.0525921,0.00948703,-0.260857,0.0443379,0.0241252,-6.70552e-06,28.8398
0,0,10,670910000,-0.118541,0.0502142,-0.107763,0.0118786,-0.0054691,0.00310633,28.8398
0,0,10,720910000,-0.138648,0.0428295,0.075491,-0.0217143,-0.0102125,-0.00113845,28.8398
0,0,10,770910000,-0.130948,0.0151842,0.107669,-0.0055179,-0.0103638,0.00504684,28.8398
0,0,10,820910000,-0.118425,-0.00340854,-0.00280285,0.0127314,0.0068685,-0.00418946,28.8398
0,0,10,870910000,-0.140206,0.0235911,0.0904779,0.0195691,0.00641663,0.00291858,28.8398
0,0,10,920910000,-0.124226,0.00859312,-0.0280361,-0.0054311,0.00434276,2.70084e-05,28.8398
0,0,10,970910000,-0.114168,0.0174631,-0.0913868,-0.00521019,-0.00197478,0.000222214,28.8711
0,0,11,20910000,-0.138794,0.0150772,0.00238991,0.000387989,-0.00139996,0.000896491,28.8711
0,0,11,70910000,-0.119183,0.0214615,0.0340662,-0.00370629,0.00435505,-0.000928342,28.8711
0,0,11,120910000,-0.144196,0.0195435,0.0413656,0.00164341,-0.00153109,0.000507943,28.8711
0,0,11,170910000,-0.133672,0.0204262,0.0296688,-0.00366904,0.00328924,0.00180397,28.8711
0,0,11,220910000,-0.131682,0.0132681,0.0160265,-0.00105575,0.00254679,0.0017127,28.8711
0,0,11,270910000,-0.123687,0.0302873,0.0182476,-0.00383034,-0.00409521,0.00728723,28.8711
0,0,11,320910000,0.144573,0.383645,-0.000777245,0.0317266,-0.0464361,0.106338,28.8711
0,0,11,370910000,-1.293,-4.34437,-0.588634,0.108931,-0.0261312,1.3524,28.8711
0,0,11,420910000,-0.31828,0.447094,0.361927,0.412588,-0.234398,-0.218078,28.8711
0,0,11,470910000,-0.0749388,0.671267,1.90345,1.34195,0.650338,0.0160787,28.8711
0,0,11,520910000,-0.264577,0.835729,1.24109,2.87022,-0.115096,0.267159,28.8711
0,0,11,570910000,0.322872,0.0993923,-1.39855,2.20874,0.393679,0.280789,28.8711
0,0,11,620910000,-0.337507,-0.269572,-2.13431,0.658617,0.179761,-0.0663781,28.8711
0,0,11,670910000,1.11251,-1.20453,-3.39545,-1.97686,-0.382233,0.141345,28.8711
0,0,11,720910000,0.968536,0.0663329,2.7302,-3.26881,-0.536731,-0.76962,28.8711
0,0,11,770910000,-1.10164,2.45057,3.56894,-0.363492,-0.675401,-0.197091,28.8711
0,0,11,820910000,-0.330606,2.36775,3.3337,2.91181,1.32996,0.817728,28.8711
0,0,11,870910000,-0.512013,0.362017,-1.06758,2.42653,0.070432,0.526467,28.8711
0,0,11,920910000,-0.311952,-1.43381,-3.86626,0.294856,0.364475,0.129935,28.8711
0,0,11,970910000,0.751044,-1.19302,-2.84605,-1.75382,-0.846035,-0.0283421,28.875
0,0,12,20910000,0.967232,-1.34964,0.0951672,-4.00729,-0.166017,-1.0277,28.875
0,0,12,70910000,-1.7898,2.16119,2.98844,0.0780905,0.144321,0.41711,28.875
0,0,12,120910000,-0.920403,2.06737,3.927,3.3706,0.861773,0.962765,28.875
0,0,12,170910000,-0.11041,-0.580753,-1.81629,2.09697,-0.721682,0.166553,28.875
0,0,12,220910000,-0.0319796,-1.08926,-3.98749,0.1233,0.0339316,-0.0889868,28.875
0,0,12,270910000,0.957146,-1.76791,-1.23471,-2.94603,-0.3027,-0.740484,28.875
0,0,12,320910000,-0.0503789,0.719265,2.38873,-2.86018,0.151776,-0.446926,28.875
0,0,12,370910000,-0.446397,3.26647,4.34434,1.95305,0.0905424,0.657097,28.875
0,0,12,420910000,-1.02037,-3.82779,-2.98735,4.43222,0.69728,0.999177,28.875
0,0,12,470910000,0.807035,-0.21756,-2.94987,0.854748,-0.122075,0.0481758,28.875
0,0,12,520910000,0.23535,-1.6562,-3.71193,-1.52425,0.223812,-0.466184,28.875
0,0,12,570910000,1.47723,-2.15427,-0.034935,-5.74788,-0.161246,-2.1853,28.875
0,0,12,620910000,-0.631124,2.16361,3.12767,-2.23934,-0.591668,-0.860689,28.875
0,0,12,670910000,-0.173364,1.33831,0.412581,1.00248,-0.204549,0.630124,28.875
0,0,12,720910000,-0.188165,-1.78827,-0.245461,-0.500389,-0.167465,-0.0879818,28.875
0,0,12,770910000,-1.54662,2.2044,1.71115,2.02126,0.728613,0.888986,28.875
0,0,12,820910000,-0.438353,-1.0116,-1.6311,1.69066,-0.496046,-0.14328,28.875
0,0,12,870910000,0.587389,0.382252,-0.38497,-0.0528932,0.0627796,-0.304952,28.875
0,0,12,920910000,-0.00914332,-0.158693,0.169263,-1.04927,-0.713381,-0.50003,28.875
0,0,12,970910000,0.324404,-0.452192,-0.461287,-1.39584,0.0811485,0.0269823,28.8555
0,0,13,20910000,-0.595951,-0.0689402,2.01917,-0.580634,-0.240059,-0.43814,28.8555
0,0,13,70910000,0.022284,-0.166359,-0.378205,0.191403,-0.0248212,0.11955,28.8555
0,0,13,120910000,-0.052222,0.324294,0.272928,-0.0324527,-0.00485647,-0.0439083,28.8555
0,0,13,170910000,-0.0515222,0.0102431,0.0937538,-0.0565775,-0.0166915,0.00318233,28.8555
0,0,13,220910000,-0.0564366,0.0127496,-0.111657,-0.00530109,-0.0132602,0.00160877,28.8555
0,0,13,270910000,-0.033089,-0.0018282,-0.00713539,0.0053918,-0.00755042,0.00376422,28.8555
0,0,13,320910000,-0.0628121,0.0380705,0.0965805,0.00795741,-0.00238381,7.28294e-05,28.8555
0,0,13,370910000,-0.0358963,0.387227,0.111977,0.0520414,-0.034304,0.242386,28.8555
0,0,13,420910000,-0.0677054,0.0515845,0.503962,-0.0089135,0.0111116,-0.00791214,28.8555
0,0,13,470910000,-0.106733,-0.0860363,0.0966015,-0.0315368,0.0368666,-0.0571284,28.8555
0,0,13,520910000,0.0347465,0.377703,0.101219,0.00459999,-0.029818,-0.0336535,28.8555
0,0,13,570910000,-0.035259,-0.0157017,0.0940695,-0.0170294,0.0220509,-0.00520051,28.8555
0,0,13,620910000,-0.0595278,-0.0210656,0.00379658,0.00653807,0.0324963,-0.00539348,28.8555
0,0,13,670910000,-0.0329316,-0.0139188,-0.144387,-0.0298522,-0.0159979,-0.0994571,28.8555
0,0,13,720910000,-0.051759,-0.0154749,-0.0197897,0.0260876,0.00667553,-0.000917166,28.8555
0,0,13,770910000,-0.017161,-0.105281,-0.131637,-0.0644017,-0.0266235,-0.0761378,28.8555
0,0,13,820910000,-0.0626261,0.0906819,0.246802,-0.00768192,0.0211084,-0.0744481,28.8555
0,0,13,870910000,-0.0414695,0.0732412,0.035409,-0.0253588,-0.00535362,-0.0662044,28.8555
0,0,13,920910000,-0.067904,0.0425509,0.126297,-0.041211,-0.0344116,-0.00666715,28.8555
0,0,13,970910000,-0.0292028,-0.0207944,0.0497541,-0.00507347,-0.0254806,-0.0270676,28.9258
0,0,14,20910000,-0.028657,-0.11543,-0.00202847,-0.053611,-0.0822429,-0.115818,28.9258
0,0,14,70910000,-0.0373346,-0.0186662,0.0265818,0.0300894,0.0538679,-0.0415627,28.9258
0,0,14,120910000,0.115367,0.195812,-0.180558,0.0424074,0.0386098,-0.216999,28.9258
0,0,14,170910000,-0.0631969,0.0169611,0.000432014,0.037769,0.0475234,-0.0195295,28.9258
0,0,14,220910000,-0.0840015,0.221044,0.243829,0.188219,0.130831,-0.0309683,28.9258
0,0,14,270910000,-0.159389,-0.054805,-0.262816,0.533567,0.18721,0.0974237,28.9258
0,0,14,320910000,-0.292856,1.76123,1.6497,1.1207,0.897574,0.746428,28.9258
0,0,14,370910000,-0.558739,-0.949614,0.120989,2.38084,0.808087,0.988368,28.9258
0,0,14,420910000,-0.313711,-1.23283,-2.08786,1.89863,0.53956,0.696903,28.9258
0,0,14,470910000,-0.398533,-0.437451,-1.20727,0.112377,0.969374,0.158147,28.9258
0,0,14,520910000,0.0395253,-0.0402295,3.14713e-05,-0.575859,-0.14971,-0.0363596,28.9258
0,0,14,570910000,-0.529395,0.973296,2.11889,-0.204018,1.57718,0.552824,28.9258
0,0,14,620910000,-0.672863,-0.939604,-0.927858,-0.0276873,2.208,0.248004,28.9258
0,0,14,670910000,0.236906,-0.376691,-0.894354,-0.00152141,-0.367217,-0.0350856,28.9258
0,0,14,720910000,-0.0807105,-2.79449,-2.57325,-0.964467,-5.82998,-0.824675,28.9258
0,0,14,770910000,0.870297,2.32523,3.01179,-0.245856,-0.79211,-0.558895,28.9258
0,0,14,820910000,-0.421208,0.800327,0.948686,0.344564,-0.878549,-0.189064,28.9258
0,0,14,870910000,-0.36954,1.77085,2.63581,0.0700962,2.01725,0.585415,28.9258
0,0,14,920910000,-0.517889,-1.00222,-0.837887,0.525097,4.7241,0.872994,28.9258
0,0,14,970910000,-0.090978,-0.890592,-2.42214,0.414175,1.19803,0.0865415,28.918
0,0,15,20910000,0.68662,-1.64841,-4.61321,-0.484886,-4.46443,0.174072,28.918
0,0,15,70910000,0.745207,1.6488,3.66232,-0.531512,-2.37828,-0.761009,28.918
0,0,15,120910000,-0.414407,0.227003,0.374456,-0.306707,-0.532806,-0.276167,28.918
0,0,15,170910000,-0.658596,1.45062,2.26191,0.240371,1.73474,0.152437,28.918
0,0,15,220910000,-0.531141,-1.22983,-2.23907,0.565847,4.32487,0.61464,28.918
0,0,15,270910000,0.445001,-0.230017,-0.759283,0.272254,1.40359,-0.015133,28.918
0,0,15,320910000,0.934733,0.545089,-5.01586,-0.000350184,-2.16543,0.136926,28.918
0,0,15,370910000,1.01095,1.6952,4.7924,-0.64372,-3.5402,-0.731782,28.918
0,0,15,420910000,-0.420265,0.436275,0.861963,-0.207676,-0.492119,-0.342604,28.918
0,0,15,470910000,-0.38758,2.72302,3.58109,0.476862,1.53033,0.313162,28.918
0,0,15,520910000,-0.896058,-1.4856,-0.861876,0.60493,5.10218,0.822614,28.918
0,0,15,570910000,-0.26648,-0.377571,-1.48941,0.435086,1.09973,-0.0631746,28.918
0,0,15,620910000,1.70505,0.836361,-3.25412,-0.00103601,-0.698306,0.147641,28.918
0,0,15,670910000,-0.0337748,-2.59762,0.733935,-0.613776,-8.54863,-1.90785,28.918
0,0,15,720910000,0.815359,1.04011,1.28423,-0.784703,-0.803372,-0.632225,28.918
0,0,15,770910000,0.00488907,1.37562,1.92977,0.602606,1.67284,0.22964,28.918
0,0,15,820910000,-0.269333,-0.259483,-0.673658,0.0126221,5.04343,0.970006,28.918
0,0,15,870910000,0.590212,-1.49452,-2.91437,-0.494873,2.75825,0.576324,28.918
0,0,15,920910000,0.584217,-0.459352,-1.3985,-0.0296828,-0.912686,0.0637252,28.918
0,0,15,970910000,-0.386135,-5.19365,-6.78053,-1.362,-6.71029,-0.950689,28.8984
0,0,16,20910000,0.28514,2.23166,2.61853,-2.0264,-1.62457,-1.30425,28.8984
0,0,16,70910000,-0.261321,1.47225,1.67472,-1.51516,-0.179146,-0.707477,28.8984
0,0,16,120910000,0.159267,1.91005,1.23903,0.297639,0.43589,0.523843,28.8984
0,0,16,170910000,0.679077,-0.075967,-2.52031,0.222107,0.271408,-0.329873,28.8984
0,0,16,220910000,-0.294739,-0.0754444,0.388675,-0.0702072,-0.000984594,-0.0212539,28.8984
0,0,16,270910000,0.0438136,-0.0502003,-0.308567,-0.0766367,-0.0194863,-0.00117719,28.8984
0,0,16,320910000,0.0687045,0.000413183,-0.31345,0.022216,0.00104066,0.00516269,28.8984
0,0,16,370910000,0.0141874,0.0431304,-0.0940485,0.0286212,0.00192691,0.00425112,28.8984
0,0,16,420910000,-0.0150612,0.0590233,0.0570841,0.0200605,-0.000887737,0.00900645,28.8984
0,0,16,470910000,-0.0250799,0.0507599,0.041997,0.0104247,-0.00450909,0.0112189,28.8984
0,0,16,520910000,-0.010457,0.0296883,0.000918388,-0.000967086,0.00356045,0.0067493,28.8984
0,0,16,570910000,-0.00626354,0.0150759,0.0103512,-0.00265352,0.00306573,0.000363402,28.8984
0,0,16,620910000,0.00196671,0.0436694,-0.000584602,-0.00410005,0.00495184,-0.000366941,28.8984
0,0,16,670910000,-0.00375384,0.0526676,0.0256376,0.0018822,0.00196043,0.000331365,28.8984
0,0,16,720910000,-0.00804237,0.0469215,0.0192022,0.00408534,0.000813417,0.00376124,28.8984
0,0,16,770910000,-0.00950856,0.026516,0.0164099,-0.0037048,0.0017019,0.00119265,28.8984
0,0,16,820910000,-0.031071,0.0738129,-0.00632477,-0.00289753,-0.00409111,0.00265893,28.8984
0,0,16,870910000,-0.00435451,0.0432525,0.0367603,0.00216458,0.00204984,0.00220332,28.8984
0,0,16,920910000,-0.0134145,0.0466459,-0.00337505,-0.000453368,0.00112038,-0.00202544,28.8984
0,0,16,970910000,-0.000319377,0.0681139,0.00570869,0.00943188,0.00387747,0.00210349,28.8828
0,0,17,20910000,0.0129188,0.026886,-0.0342455,0.00923295,0.00347178,0.00502225,28.8828
0,0,17,70910000,0.0187434,0.0225853,-0.0369177,-0.00638925,0.00249464,-0.000521913,28.8828
0,0,17,120910000,-0.00269064,0.0622029,0.0100317,-0.00528507,-0.00311993,-0.000559166,28.8828
0,0,17,170910000,-0.0046422,0.0372873,0.0324793,0.00407454,-0.000248104,-0.000749528,28.8828
0,0,17,220910000,-0.0112611,0.0145951,-0.0110931,-0.00379793,0.00299495,-0.000860915,28.8828
0,0,17,270910000,-0.00172396,0.0361774,-0.00321579,-0.0110608,0.00249427,-0.00151359,28.8828
0,0,17,320910000,-0.00690025,0.0362522,0.00632286,0.00209231,0.00289585,0.00209194,28.8828
0,0,17,370910000,0.00162385,0.0255797,0.0131674,0.00519659,5.12227e-05,0.00256728,28.8828
0,0,17,420910000,0.011082,0.0171904,0.0279579,0.00268277,0.00234339,0.00181403,28.8828
0,0,17,470910000,0.00921027,0.0393929,0.020009,0.0049701,0.00227857,0.00350047,28.8828
0,0,17,520910000,-0.010317,0.0479604,0.0189762,0.00615511,7.99075e-05,0.00373553,28.8828
0,0,17,570910000,-0.00831952,0.0399657,0.0147333,0.00470039,0.00170674,0.00437666,28.8828
0,0,17,620910000,0.000818297,0.0399945,0.00582314,0.0024898,0.000387989,0.00406485,28.8828
0,0,17,670910000,-0.00326315,0.0298998,0.000227928,0.00237655,0.00384878,0.00234302,28.8828
0,0,17,720910000,0.00255527,0.0371279,-0.00268459,0.00307877,0.00357013,0.00165124,28.8828
0,0,17,770910000,0.000673361,0.0337225,-0.0177031,0.00184681,0.00293199,0.00340361,28.8828
0,0,17,820910000,-0.00295209,0.0400805,0.0050478,0.000447966,0.00302736,0.00366811,28.8828
0,0,17,870910000,0.000720404,0.0336967,0.00505352,0.00217278,0.00413451,0.00295509,28.8828
0,0,17,920910000,-0.00192708,0.0321506,0.0142365,-0.000273436,0.00332799,0.00433158,28.8828
0,0,17,970910000,0.00850257,0.0351928,-0.015317,0.00103842,0.00269581,0.000139512,28.8828
0,0,18,20910000,0.0149019,0.0101073,-0.00550556,0.000997074,0.00108648,-0.000116974,28.8828
0,0,18,70910000,0.0147033,0.0244553,-0.00743675,0.00207182,0.00174921,0.00180472,28.8828
0,0,18,120910000,-0.0056982,0.0330841,0.015337,0.00143852,0.00174213,-7.33882e-05,28.8828
0,0,18,170910000,-0.00323701,0.0330198,0.000196457,0.0018904,0.00298154,0.0022186,28.8828
0,0,18,220910000,0.0124521,0.0381655,0.00779629,0.000200234,0.00239182,0.00119526,28.8828
0,0,18,270910000,0.00654465,0.0434292,0.016326,0.00110101,0.00105854,0.00151042,28.8828
0,0,18,320910000,0.00143441,0.0238935,0.0142565,-0.000524521,0.00268947,0.00211988,28.8828
0,0,18,370910000,-0.00231092,0.0168489,6.67572e-06,0.000382401,0.00358056,0.000732951,28.8828
0,0,18,420910000,-0.00799926,0.0287999,0.00365734,0.00053253,0.00254419,0.000884943,28.8828
0,0,18,470910000,-0.00197897,0.0273729,0.00467587,0.00199769,0.00256021,0.000824966,28.8828
0,0,18,520910000,-0.00461522,0.0229943,0.00258827,0.00318121,0.00287835,0.0014225,28.8828
0,0,18,570910000,-0.0212223,0.03078,0.0298166,0.00127945,0.00352655,0.000551157,28.8828
0,0,18,620910000,-0.0082628,0.0405253,0.015358,0.00253227,0.00311416,0.00286456,28.8828
0,0,18,670910000,-0.00501845,0.036636,0.011158,0.00426415,-0.000234693,0.00376236,28.8828
0,0,18,720910000,-0.00339305,0.0156633,0.00790405,-0.00104159,0.00310782,0.00243615,28.8828
0,0,18,770910000,-0.00288148,0.0301336,0.014905,-0.00039041,0.00309665,0.00129547,28.8828
0,0,18,820910000,0.0143734,0.0254347,-0.00415134,0.00229385,0.00253301,0.00144932,28.8828
0,0,18,870910000,-0.000629649,0.0261644,0.00639057,0.00427421,0.00176635,0.00133794,28.8828
0,0,18,920910000,-0.00864945,0.0324125,0.0169754,0.00069458,0.00211801,0.000337698,28.9531
0,0,18,970910000,0.00741374,0.0101632,0.0166559,0.00062082,0.00189003,0.000572391,28.9531
0,0,19,20910000,0.00111127,0.0297208,-0.0147285,0.000652485,0.005004,0.00145603,28.9531
0,0,19,70910000,-0.00343761,0.0256488,0.0036087,0.00176337,0.00382569,0.00078585,28.9531
0,0,19,120910000,-0.0068249,0.0404486,0.00961208,0.00486169,0.00436883,0.00233445,28.9531
0,0,19,170910000,0.00124784,0.0128565,0.00379944,0.00330936,0.0017127,0.00260491,28.9531
0,0,19,220910000,-0.00749969,0.0192842,-0.00314617,0.00127796,0.00161845,0.00296589,28.9531
0,0,19,270910000,9.97037e-05,0.0280732,0.00360107,0.000151806,0.000962429,0.00194851,28.9531
0,0,19,320910000,-0.00347864,0.0307037,-0.0187788,0.00287946,0.000229292,0.00255015,28.9531
0,0,19,370910000,-0.00769193,0.0176932,0.0153675,-0.00086762,0.00182223,0.00263248,28.9531
0,0,19,420910000,0.0109405,0.0373341,-0.000819206,-0.00489652,0.00212919,-0.000426173,28.9531
0,0,19,470910000,-0.00717849,0.0266469,0.0173159,-0.000692904,0.00210349,0.00202265,28.9531
0,0,19,520910000,-0.00378492,0.0289499,-0.00636673,-0.00147112,-0.00103787,-0.00022985,28.9531
0,0,19,570910000,-0.0185868,0.036525,0.0361691,-0.00132509,0.00114795,0.000123121,28.9531
0,0,19,620910000,-0.00858425,0.0154159,-0.0165224,-0.00277124,0.00277851,0.0018796,28.9531
0,0,19,670910000,-0.0610547,-0.0448607,-0.0332575,-0.0218552,0.0118105,-0.0157118,28.9531
0,0,19,720910000,-0.0229449,0.0247437,0.0796299,0.00287611,-0.0321884,0.00273492,28.9531
0,0,19,770910000,-0.0199901,0.0207078,0.0990982,0.017341,-0.00141971,0.0200344,28.9531
0,0,19,820910000,-0.0273511,-0.0977194,-0.0604725,-0.0151888,0.0162521,0.00854749,28.9531
0,0,19,870910000,-0.0307624,0.00208493,0.0914345,-0.0172254,0.0108728,-5.88596e-05,28.9531
0,0,19,920910000,-0.028629,-0.246194,0.123498,-0.0612892,0.0258302,0.000247546,28.9375
0,0,19,970910000,-0.0717505,0.158045,0.154342,0.0223605,0.022001,0.0895219,28.9375
0,0,20,20910000,0.0305531,0.0450104,-0.0801182,-0.0155609,-0.0213556,0.00775587,28.9375
0,0,20,70910000,-0.581044,-2.68326,-0.573313,-0.102374,-0.0819498,-0.51029,28.9375
0,0,20,120910000,-0.101071,0.0401563,0.190663,-0.000648946,0.0136102,-0.0420455,28.9375
0,0,20,170910000,0.0136745,0.553319,0.435611,0.291014,-0.058892,0.142598,28.9375
0,0,20,220910000,-0.587742,2.42592,3.29554,1.96784,0.787022,0.745069,28.9375
0,0,20,270910000,-0.612976,-2.35382,-0.319223,4.60255,1.6382,0.602491,28.9375
0,0,20,320910000,0.402144,1.03133,-0.0563593,2.18763,0.889763,0.128712,28.9375
0,0,20,370910000,0.097314,-1.0715,-3.9115,0.181483,-0.284847,0.410456,28.9375
0,0,20,420910000,-0.892067,-0.774596,-0.830134,-0.712618,-0.146998,0.131038,28.9375
0,0,20,470910000,0.714245,-1.2869,-0.751281,-1.89183,-2.51328,0.205248,28.9375
0,0,20,520910000,0.00040932,-2.53668,2.10264,-4.71411,-1.48587,-1.83108,28.9375
0,0,20,570910000,-1.35114,1.6394,2.49563,-1.97317,-0.11206,-0.0507426,28.9375
0,0,20,620910000,-0.468866,4.23101,5.17151,1.92022,0.517054,0.150492,28.9375
0,0,20,670910000,0.123679,-3.1416,0.310884,3.90911,0.835365,0.62214,28.9375
0,0,20,720910000,0.0948225,-3.41,-6.10804,2.56639,0.868211,-0.266931,28.9375
0,0,20,770910000,0.716973,-0.0987066,-3.49571,0.422278,0.484001,-0.0524771,28.9375
0,0,20,820910000,0.231758,-1.80424,-4.08004,-2.64013,-0.250914,0.122781,28.9375
0,0,20,870910000,0.962134,-0.986354,2.23476,-5.0222,-0.901612,-0.829126,28.9375
0,0,20,920910000,-1.17234,2.51969,3.51196,-1.59481,-1.27117,-0.277239,28.9453
0,0,20,970910000,0.144354,0.448442,1.4674,0.411912,0.0936049,0.405312,28.9453
0,0,21,20910000,-0.485315,1.89624,2.04325,1.09185,0.998179,0.329156,28.9453
0,0,21,70910000,-0.662402,-1.9426,1.66902,3.46181,1.19789,0.346668,28.9453
0,0,21,120910000,-0.19583,-0.300628,-0.379714,2.95469,2.83313,-0.281176,28.9453
0,0,21,170910000,0.328541,-0.162994,-5.58439,0.207727,-0.149515,0.0365442,28.9453
0,0,21,220910000,0.037317,-1.51142,-2.99607,-2.31309,-1.51062,0.471016,28.9453
0,0,21,270910000,1.54993,-2.47383,-1.01772,-4.80017,-1.83961,-0.964021,28.9453
0,0,21,320910000,-1.21826,2.79932,5.24967,-1.3378,-1.50806,-0.410903,28.9453
0,0,21,370910000,-0.269479,1.53241,2.14519,1.58625,1.70215,1.04245,28.9453
0,0,21,420910000,-0.510133,-3.55404,-1.50655,3.10841,1.95309,1.07422,28.9453
0,0,21,470910000,0.305306,0.748992,-0.581545,2.14061,-1.46301,-0.1519,28.9453
0,0,21,520910000,0.456325,-0.106229,-2.75632,-0.470879,-0.508129,-0.0949005,28.9453
0,0,21,570910000,0.260091,-0.437263,-0.117631,-3.06007,-0.10195,-0.417252,28.9453
0,0,21,620910000,0.469044,0.684487,2.73022,-3.48675,0.329386,-0.554538,28.9453
0,0,21,670910000,-1.10229,0.977894,3.54268,-0.224403,-0.197619,-0.0781413,28.9453
0,0,21,720910000,0.154457,0.0988023,-0.537831,0.342438,-0.000207871,0.0800031,28.9453
0,0,21,770910000,-0.0817489,0.325574,0.670607,-0.0344206,-0.00315756,0.00065174,28.9453
0,0,21,820910000,-0.0301441,-0.0437092,0.0697107,-0.0601556,0.0150846,-0.0074964,28.9453
0,0,21,870910000,-0.0124629,-0.0116759,-0.0314083,0.047206,0.00744779,-0.00216216,28.9453
0,0,21,920910000,-0.0175082,0.0178601,-0.0331888,0.021706,0.00528935,0.00324268,28.9414
0,0,21,970910000,-0.0332563,0.0115503,-0.0117807,-0.0206787,0.0115702,0.0012489,28.9414
0,0,22,20910000,0.013593,-0.0706347,-0.189933,-0.0369743,-0.00572614,-0.0129581,28.9414
0,0,22,70910000,-0.0169787,0.163844,0.277884,0.0203548,0.0611598,-0.0201922,28.9414
0,0,22,120910000,0.0249399,0.117439,-0.00687504,-0.0486065,0.0229178,-0.0273976,28.9414
0,0,22,170910000,0.170836,0.20349,-0.150393,-0.00431426,0.0560703,-0.0912097,28.9414
0,0,22,220910000,0.0663956,0.0288325,0.266647,-0.0237845,0.102974,-0.00212267,28.9414
0,0,22,270910000,-0.172394,0.650833,1.04986,0.415586,0.502177,0.561291,28.9414
0,0,22,320910000,-0.595171,-0.595864,-1.09064,1.09899,0.761651,0.512064,28.9414
0,0,22,370910000,-0.614407,0.726497,1.99392,1.72933,1.48954,1.41899,28.9414
0,0,22,420910000,-1.11859,0.428668,1.24939,1.45339,3.23342,1.37966,28.9414
0,0,22,470910000,-0.663166,-1.03902,-1.97851,0.438335,2.36771,0.144433,28.9414
0,0,22,520910000,0.535396,-0.436085,-2.02934,-0.457985,0.217667,-0.151027,28.9414
0,0,22,570910000,0.972609,-1.04338,-1.8505,-0.964497,-3.26003,-0.508912,28.9414
0,0,22,620910000,0.767003,0.046731,0.286437,0.030121,-4.0548,-1.08388,28.9414
0,0,22,670910000,0.452968,0.0225472,0.0136147,0.196514,-2.31485,-0.795955,28.9414
0,0,22,720910000,0.514459,0.82574,0.663483,0.0122911,-1.11103,-0.492875,28.9414
0,0,22,770910000,0.167543,1.72203,1.84413,-0.117027,1.26329,0.521712,28.9414
0,0,22,820910000,-1.24905,-0.418734,2.69638,0.572186,7.29002,2.66103,28.9414
0,0,22,870910000,0.331255,-1.51156,-3.31749,0.621321,2.73431,0.277423,28.9414
0,0,22,920910000,0.0301,-0.371348,-0.215304,-0.381316,-1.32818,-0.160295,28.9648
0,0,22,970910000,1.31808,-2.76875,-4.73857,-1.26311,-5.15713,-0.775553,28.9648
0,0,23,20910000,0.0374127,1.87984,4.4793,-0.150941,-3.37246,-1.39434,28.9648
0,0,23,70910000,-0.454167,-0.259594,-0.131741,0.249666,-0.873357,-0.371145,28.9648
0,0,23,120910000,0.958794,3.41323,3.15841,0.328611,1.40087,0.604327,28.9648
0,0,23,170910000,0.696916,-2.36554,-0.311417,1.93358,8.24447,2.00533,28.9648
0,0,23,220910000,2.06077,0.210088,-5.22659,0.331114,0.975643,-0.0462556,28.9648
0,0,23,270910000,0.869165,-1.57776,-4.08591,-1.27931,-3.83335,-0.210016,28.9648
0,0,23,320910000,-1.27796,-1.17295,1.02556,-1.50121,-5.38209,-2.00123,28.9648
0,0,23,370910000,1.603,2.21869,2.17502,-0.666757,-1.06785,-0.933014,28.9648
0,0,23,420910000,0.193867,2.22306,2.29534,-0.340362,1.18952,0.303908,28.9648
0,0,23,470910000,-0.117747,-2.77198,-3.41479,-0.133706,1.45855,1.11294,28.9648
0,0,23,520910000,0.216645,-1.41567,-1.69453,-0.978527,-0.764726,-0.271923,28.9648
0,0,23,570910000,0.347936,-0.463365,0.732121,-1.83508,-0.507911,-0.933595,28.9648
0,0,23,620910000,-0.386019,0.0924906,0.668246,0.369754,0.134617,-0.0229646,28.9648
0,0,23,670910000,0.15719,-0.687835,-0.99205,-0.0681065,0.0540501,0.153277,28.9648
0,0,23,720910000,-0.0315073,0.0197095,-0.0519199,0.117722,0.0383889,-0.00950247,28.9648
0,0,23,770910000,-0.00141499,0.0655869,-0.18265,-0.0361647,0.0270007,-0.00831597,28.9648
0,0,23,820910000,0.0275404,-0.056947,-0.20323,-0.0210561,0.00183452,0.00391025,28.9648
0,0,23,870910000,-0.00267152,0.0066248,-0.0872869,0.0195542,-0.00514016,0.0021277,28.9648
0,0,23,920910000,-0.0383868,0.0072152,0.0197239,0.0101892,-0.00322573,0.00520404,28.9453
0,0,23,970910000,-0.0356793,0.0241555,0.0452394,-0.0109453,0.00449363,0.00110548,28.9453
0,0,24,20910000,-0.00731903,-0.00207248,0.032815,-1.11759e-06,0.000203401,0.00229813,28.9453
0,0,24,70910000,-0.0455282,-0.0135209,0.0141125,0.00456143,0.000642799,0.00502598,28.9453
0,0,24,120910000,-0.0085156,0.0892455,-0.279616,0.050447,0.0481667,-0.295401,28.9453
0,0,24,170910000,0.178724,0.196404,-0.203135,0.0165174,-0.010686,-0.121298,28.9453
0,0,24,220910000,-0.00763616,0.00790378,-0.0996943,-0.025899,-0.0308502,0.00622142,28.9453
0,0,24,270910000,0.0649673,0.352198,0.19969,0.0613542,-0.0232238,0.202,28.9453
0,0,24,320910000,1.42771,2.72736,2.17335,1.6344,-0.0780952,4.00217,28.9453
0,0,24,370910000,-1.00457,-0.0475016,-1.55164,0.521523,-0.346882,2.20263,28.9453
0,0,24,420910000,0.381497,-0.789842,-1.11901,0.117843,-0.160423,0.894605,28.9453
0,0,24,470910000,0.0397054,-0.510297,0.0544214,-0.193537,-0.11011,0.540758,28.9453
0,0,24,520910000,0.228698,-0.203431,0.328502,-0.0399914,-0.065092,-0.127788,28.9453
0,0,24,570910000,-0.104607,-0.068385,0.208707,-0.0593983,0.0570423,-0.450772,28.9453
0,0,24,620910000,-0.411293,-0.941873,-0.458349,-0.422253,-0.352777,-2.47881,28.9453
0,0,24,670910000,1.31093,3.25384,1.62612,-0.504716,0.633562,-2.97583,28.9453
0,0,24,720910000,-0.299551,1.6464,0.160356,0.449337,0.396365,-1.94804,28.9453
0,0,24,770910000,1.18386,1.82263,-0.539916,0.230835,0.0744945,-0.0973933,28.9453
0,0,24,820910000,-0.0340619,-0.0949202,-0.183338,-0.280941,-0.214249,0.165177,28.9453
0,0,24,870910000,-0.0279078,0.29622,0.145853,-0.0709947,-0.0745599,0.292122,28.9453
0,0,24,920910000,0.828103,1.3304,-0.241609,0.190807,-0.142833,1.5017,28.9844
0,0,24,970910000,-0.585739,-1.58923,-0.945084,0.40671,0.366679,3.33622,28.9844
0,0,25,20910000,-0.185736,-0.502122,0.202668,0.000795539,-0.0745485,0.941771,28.9844
0,0,25,70910000,-0.0556858,-0.234188,0.27895,-0.178585,0.0698812,0.746439,28.9844
0,0,25,120910000,0.0666297,-0.103592,0.251322,-0.115508,-0.0646398,0.189267,28.9844
0,0,25,170910000,0.0625279,-0.509939,-0.0551825,-0.0508878,-0.0297036,-0.0578914,28.9844
0,0,25,220910000,-1.24902,-3.03105,-0.450705,-0.428768,-0.172701,-2.68453,28.9844
0,0,25,270910000,1.01907,3.33961,0.0734673,-0.631292,-0.532178,-4.15288,28.9844
0,0,25,320910000,-0.292857,1.27516,-0.930856,-0.180723,-0.309177,0.113157,28.9844
0,0,25,370910000,-0.175463,-2.57904,1.41513,0.0409654,-0.430073,0.456232,28.9844
0,0,25,420910000,-0.0119758,0.197077,0.266285,-0.0674415,-0.0138678,-0.0454158,28.9844
0,0,25,470910000,0.17947,0.315737,-0.0414591,-0.0159632,-0.0155173,0.248536,28.9844
0,0,25,520910000,0.184798,-1.89529,2.172,0.11597,0.615822,0.22543,28.9844
0,0,25,570910000,0.0341831,0.121057,0.616654,-0.067959,-0.0575349,0.433421,28.9844
0,0,25,620910000,0.0234408,0.0430982,0.0970459,0.0517381,-0.00553913,0.0088213,28.9844
0,0,25,670910000,-0.0493878,0.0824422,0.229475,0.0302626,-0.000518188,0.00316557,28.9844
0,0,25,720910000,-0.0223117,0.0420395,0.108877,0.00598077,0.0173392,0.00316557,28.9844
0,0,25,770910000,0.011902,0.026538,-0.03549,0.00371691,0.00596661,0.00482146,28.9844
0,0,25,820910000,-0.0101928,0.0179963,-0.0639944,-0.00034906,0.00331458,0.00198912,28.9844
0,0,25,870910000,0.0075305,0.0239222,-0.025815,-0.00571944,0.00164378,4.67524e-05,28.9844
0,0,25,920910000,0.00249253,0.00838486,0.0105915,-0.00530854,0.0019474,0.000713207,28.9648
0,0,25,970910000,-0.0419573,0.0480543,0.031991,0.00266675,0.00416245,0.00260007,28.9648
0,0,26,20910000,-0.021849,0.0512238,0.0242605,8.17701e-05,0.00208896,0.000783987,28.9648
0,0,26,70910000,-0.020738,0.0313882,-0.00311852,-0.000850856,0.00519212,-0.00119694,28.9648
0,0,26,120910000,0.023653,0.016115,-0.0320415,0.00138525,0.00559483,0.00282247,28.9648
0,0,26,170910000,0.00663323,0.0168901,-0.0206804,0.0028288,0.00311229,0.00165161,28.9648
0,0,26,220910000,0.00118623,0.0222119,0.00382519,0.00188258,0.00184905,0.0013439,28.9648
0,0,26,270910000,-0.0174153,0.0490654,0.0325222,0.00760648,-0.00204779,0.00205841,28.9648
0,0,26,320910000,-0.0152326,-0.00040435,0.00447273,0.00052359,0.00120308,0.00169259,28.9648
0,0,26,370910000,-0.0107033,0.0193435,0.0281096,-0.00379607,0.00468623,-0.000539422,28.9648
0,0,26,420910000,0.00291491,0.0321105,0.0277719,0.0024626,0.0040805,0.00181738,28.9648
0,0,26,470910000,-0.00361172,0.0305152,-0.00468349,0.00742134,0.00198614,0.00349004,28.9648
0,0,26,520910000,-0.00572356,0.0335002,-0.00636864,7.3947e-05,-2.04891e-05,0.00062082,28.9648
0,0,26,570910000,-0.015689,0.036344,0.0346975,0.000160374,-0.000800565,0.00241976,28.9648
0,0,26,620910000,-0.0127356,0.0153569,0.0385265,0.00239033,0.0043286,0.0023203,28.9648
0,0,26,670910000,-0.0119311,0.0485381,0.0227995,0.00395346,0.00333581,0.00240412,28.9648
0,0,26,720910000,0.000112858,0.0341625,0.00331783,0.00532698,0.00164155,0.00364836,28.9648
0,0,26,770910000,-0.00431353,0.0297761,-0.00959587,0.00347029,0.00224505,0.00256691,28.9648
0,0,26,820910000,-0.0112002,0.0117894,0.00798988,0.00242647,0.00401828,0.00459608,28.9648
0,0,26,870910000,-0.0017566,0.0338159,0.0275946,0.00160728,0.00408348,0.00159461,28.9648
0,0,26,920910000,-0.0101773,0.0236797,0.0108919,0.000374205,0.000129826,0.00140052,28.9766
0,0,26,970910000,-0.016677,0.0257497,0.000808716,-0.00221618,0.00297558,0.00121463,28.9766
0,0,27,20910000,-0.0288692,0.0143057,0.0267153,0.00326056,0.00091698,0.00487175,28.9766
0,0,27,70910000,-0.0188783,0.0253168,0.0208254,0.000674091,0.00292566,0.00273008,28.9766
0,0,27,120910000,-0.00747165,0.0318162,0.0115986,-0.00209548,0.00511687,-4.20958e-05,28.9766
0,0,27,170910000,-0.0271821,0.0387124,0.0130568,-0.000936911,0.00368636,-0.000322983,28.9766
0,0,27,220910000,-0.0126598,0.0204679,-0.00434494,0.00168029,0.00204872,0.00030119,28.9766
0,0,27,270910000,-0.00789833,0.00953475,0.0258026,-0.00314117,0.00131745,0.000376813,28.9766
0,0,27,320910000,-0.0258418,0.014952,0.0229702,-0.00127926,0.00287127,0.000964664,28.9766
0,0,27,370910000,-0.0207305,0.0224687,0.018816,0.00157487,0.00416618,0.000798516,28.9766
0,0,27,420910000,-0.00645664,0.0159698,0.001194,0.00252221,0.00100154,0.000827573,28.9766
0,0,27,470910000,-0.00960198,0.014124,-0.0017128,-0.000827759,0.000181608,0.00102352,28.9766
0,0,27,520910000,-0.0110058,0.0358434,0.0260468,-0.0031393,-0.000862032,0.000963546,28.9766
0,0,27,570910000,-0.00663226,0.0241225,0.0142097,-0.000782311,0.00189897,-0.000492856,28.9766
0,0,27,620910000,-0.0100015,0.0316519,0.00545597,0.00071805,0.002346,0.00165533,28.9766
0,0,27,670910000,-0.00678298,0.0238672,-0.00954247,7.80448e-05,0.00271965,0.00100825,28.9766
0,0,27,720910000,-0.0180651,0.0442494,0.0116825,-9.6485e-05,0.00249017,-0.000463799,28.9766
0,0,27,770910000,-0.00620365,0.0161464,0.0232506,0.00318233,0.00197981,0.00276435,28.9766
0,0,27,820910000,-0.00187298,0.0223438,0.0153246,-0.00104867,0.00226554,0.00156369,28.9766
0,0,27,870910000,-0.0136575,0.00440481,-0.0230894,-0.000491738,0.00573304,-0.00141598,28.9766
0,0,27,920910000,-0.016485,0.029875,0.000914574,0.00190306,0.00319351,0.00167843,28.9961
0,0,27,970910000,-0.0184615,0.0181355,0.0203476,0.00228528,0.00133347,0.00151563,28.9961
0,0,28,20910000,-0.0155319,0.0156109,0.00686646,0.0037862,0.00406522,0.0016002,28.9961
0,0,28,70910000,-0.00688095,0.0196459,-0.0190153,0.0014035,0.00532698,0.00139605,28.9961
0,0,28,120910000,-0.0254171,0.0350781,-0.0104799,0.00229422,0.000646524,0.00131335,28.9961
0,0,28,170910000,-0.0249457,0.0305252,-0.000840187,0.0017019,-0.000153482,0.00114869,28.9961
0,0,28,220910000,-0.00946588,0.0258843,0.00161457,0.00218395,0.00164826,0.00286941,28.9961
0,0,28,270910000,0.00635599,0.00653637,-0.00634193,-0.000173226,0.00193026,0.00142809,28.9961
0,0,28,320910000,-0.0048752,0.0356455,0.00244141,0.00101607,0.00110809,0.00154953,28.9961
0,0,28,370910000,-0.014401,-0.000821568,0.0140181,0.000998564,0.000926293,0.00207815,28.9961
0,0,28,420910000,-0.0158137,0.00453792,0.0167341,0.000479631,0.00284147,0.00203196,28.9961
0,0,28,470910000,-0.029849,0.0113409,0.0214605,4.63799e-05,0.00594165,0.00263806,28.9961
0,0,28,520910000,-0.0150533,0.0277422,0.0212326,0.00415016,0.00541862,0.00289921,28.9961
0,0,28,570910000,-0.0233307,0.00857884,-0.00795555,0.00427309,0.00355374,0.00173096,28.9961
0,0,28,620910000,-0.00239259,0.00918917,0.0116634,-0.00099279,0.000969507,0.000579469,28.9961
0,0,28,670910000,-0.0121828,0.0273208,0.0193539,0.00107829,-0.000563636,0.00105295,28.9961
0,0,28,720910000,-0.0204186,0.00945389,0.0295649,-0.00143573,0.000508316,0.00191312,28.9961
0,0,28,770910000,-0.0168436,0.014764,0.0170918,-0.000848249,0.00155512,0.000531785,28.9961
0,0,28,820910000,-0.0152439,0.0178333,0.00815105,0.00467692,0.00182185,0.00113528,28.9961
0,0,28,870910000,-0.0161483,0.0172647,0.00371456,0.00234637,0.000325032,0.00170115,28.9961
0,0,28,920910000,-0.0175228,0.0324273,0.0269175,-0.000544637,0.00175666,0.00209715,28.9727
0,0,28,970910000,-0.0139512,0.0248982,0.0112696,0.00110362,0.00494998,0.00148397,28.9727
0,0,29,20910000,-0.00247917,0.0245557,0.0150356,-0.00110678,0.00447836,0.00119526,28.9727
0,0,29,70910000,-0.0185207,0.00298636,-0.0112162,0.00209417,0.00307914,0.00081379,28.9727
0,0,29,120910000,-0.013102,0.0105051,-0.018959,-0.000258535,0.00245851,0.00240933,28.9727
0,0,29,170910000,-0.00857091,0.0267132,-0.00891113,-0.000255182,0.00513699,0.00151414,28.9727
0,0,29,220910000,-0.0200673,0.0232356,0.0132084,0.00369158,0.00519287,-0.000784919,28.9727
0,0,29,270910000,-0.0129588,0.0175217,-0.00323582,0.0031339,0.00312086,0.00363532,28.9727
0,0,29,320910000,-0.00398505,0.0115109,-0.0175056,0.00395831,0.00128504,0.00151787,28.9727
0,0,29,370910000,-0.0113411,0.0328577,-0.00569439,-0.00256971,0.00331011,0.000630505,28.9727
0,0,29,420910000,-0.0195292,0.0231655,-0.0156832,0.00237916,0.00143703,0.000828691,28.9727
0,0,29,470910000,0.00669978,0.0075989,-0.00695229,-0.000124797,0.00384022,0.00113454,28.9727
0,0,29,520910000,-0.0168904,0.00774356,0.00149345,-0.00568591,0.00338908,0.000608154,28.9727
0,0,29,570910000,-0.00406885,0.0186903,0.00848484,-0.00463128,0.000863709,0.000453927,28.9727
0,0,29,620910000,-0.0079857,0.013369,0.000133514,0.00219736,0.00211578,-0.000158325,28.9727
0,0,29,670910000,-0.0151781,0.0294051,0.0131226,0.00405517,0.00208635,0.00217687,28.9727
0,0,29,720910000,-0.00339762,-0.00133234,-0.0126686,0.000475161,0.00269059,0.000791066,28.9727
0,0,29,770910000,-0.0251876,0.0292553,0.0166836,0.00221375,0.00308435,0.00274274,28.9727
0,0,29,820910000,-0.0254888,0.0233345,0.0121489,0.00485238,0.000718795,0.00457261,28.9727
0,0,29,870910000,-0.0439543,-0.00532924,0.017252,0.000747107,0.00180509,0.00400413,28.9727
0,0,29,920910000,-0.0157577,0.0196793,-6.77109e-05,-0.00301041,0.0028139,0.000522472,28.9727
0,0,29,970910000,-0.013289,0.0195256,-0.00112534,0.0019243,0.00212062,0.00106525,28.9727
0,0,30,20910000,-0.0159146,0.00767829,-0.00524807,0.00334699,-0.000116974,0.00204612,28.9727
0,0,30,70910000,-0.0351868,0.0147381,0.00655174,0.00137296,2.17929e-05,0.00291932,28.9727
0,0,30,120910000,-0.02288,0.0163865,0.0247927,0.00417326,0.00255872,0.00343081,28.9727
0,0,30,170910000,-0.0293471,0.00658356,0.00819492,0.00352766,0.00146609,0.00247601,28.9727
0,0,30,220910000,-0.0168844,0.0082176,0.00845337,-0.000901148,0.00148546,0.00147242,28.9727
0,0,30,270910000,-0.0203029,-0.0165896,0.00657082,0.000907667,0.00171084,0.00143368,28.9727
0,0,30,320910000,-0.0190436,0.00979724,0.0100842,0.00392292,0.00387374,0.00333469,28.9727
0,0,30,370910000,-0.00193273,0.0124194,0.00754833,-0.000882521,0.00328552,0.000127219,28.9727
0,0,30,420910000,-0.0276957,0.00398136,0.016633,0.000536628,0.00257399,-0.000175834,28.9727
0,0,30,470910000,-0.00101551,0.00506284,-0.0233021,0.00157598,0.00432711,0.00174101,28.9727
0,0,30,520910000,-0.0221532,0.00729234,-0.00774288,0.000749715,0.00245702,0.00174623,28.9727
0,0,30,570910000,-0.015813,0.0236286,0.00505352,0.00119861,0.00253748,-0.000717863,28.9727
0,0,30,620910000,-0.00770377,0.0215743,-0.00150585,0.000938587,0.003816,0.00210945,28.9727
0,0,30,670910000,-0.0197435,-0.000307038,-0.0069313,0.000611879,0.000487827,0.00259224,28.9727
0,0,30,720910000,-0.00537029,0.00710934,0.0105209,0.001234,0.000253133,0.00100788,28.9727
0,0,30,770910000,-0.0117602,0.00907473,0.0098877,0.00150073,0.0019161,0.00150111,28.9727
0,0,30,820910000,-0.00614612,-0.0139,0.00476742,0.00485051,0.00439603,0.00308324,28.9727
0,0,30,870910000,-0.0243244,0.0115658,-0.000211716,0.0044303,0.00251625,0.00271071,29.0117
0,0,30,920910000,-0.0405418,0.0159778,0.00704288,0.000283681,-0.00157021,-0.000537187,29.0117
0,0,30,970910000,-0.030542,0.0225091,0.00904655,-0.00445433,0.00148099,1.17347e-05,29.0117
0,0,31,20910000,-0.0209006,-0.00619407,-0.0227852,-0.00437312,0.00672024,0.000348501,29.0117
0,0,31,70910000,-0.00920432,0.0225701,0.00175285,-0.00779517,0.00639949,-0.000151247,29.0117
0,0,31,120910000,-0.0133977,0.00907004,0.00743008,0.000158511,0.00199545,0.000208803,29.0117
0,0,31,170910000,-0.0318114,0.0126891,-0.00577259,0.00105668,-0.000530854,-1.2666e-05,29.0117
0,0,31,220910000,-0.0232051,0.0143851,0.0196781,-0.00585802,0.00212919,-0.00170544,29.0117
0,0,31,270910000,-0.0194067,0.0218915,0.0179758,-0.00344329,0.0053687,0.00143815,29.0117
0,0,31,320910000,-0.0150512,0.00711409,-0.0117216,-0.000837073,0.00527892,0.0012951,29.0117
0,0,31,370910000,-0.0203177,0.0100469,0.00499821,-0.00131987,0.00097584,-0.00169948,29.0117
0,0,31,420910000,-0.0167661,0.0028492,0.0135384,-6.44475e-05,0.00116732,-0.000392646,29.0117
0,0,31,470910000,-0.0189829,0.0249145,0.0219984,-0.00342429,0.00351574,-0.00183992,29.0117
0,0,31,520910000,-0.0294823,0.0105428,0.0170441,0.0028884,0.00291411,0.000876374,29.0117
0,0,31,570910000,-0.0243165,1.13808e-05,-0.0131035,0.00317488,0.00229832,0.0039136,29.0117
0,0,31,620910000,-0.0178668,-0.0148839,-0.00210953,-0.00525862,0.0036506,0.000721403,29.0117
0,0,31,670910000,-0.0242996,0.00871217,0.0309086,-0.00175536,0.00274386,-0.00255592,29.0117
0,0,31,720910000,-0.0412738,0.0108695,0.0376062,0.00664871,0.00332724,0.00149291,29.0117
0,0,31,770910000,-0.0115527,-0.00625255,0.00529861,0.00313837,0.000696816,-0.000145286,29.0117
0,0,31,820910000,-0.0210566,0.00530091,0.01367,-0.00461787,0.00261571,-0.00161529,29.0117
0,0,31,870910000,-0.00975802,0.0102557,-0.0160542,-0.00493601,0.00049565,-0.00164993,29
0,0,31,920910000,-0.0461764,0.0166625,0.0592794,0.00399929,0.00783447,0.0625694,29
0,0,31,970910000,-0.0156634,-0.00910096,0.00659084,-0.000425056,0.00299644,0.00114869,29
0,0,32,20910000,-0.00592613,0.00326706,0.0199594,-0.0160184,-0.008858,0.00504013,29
0,0,32,70910000,0.00511147,0.00674816,0.0114117,-0.00469424,-0.00402667,0.00816081,29
0,0,32,120910000,0.0256697,-0.0105827,-0.000300407,0.0176379,0.00523832,0.00148397,29
0,0,32,170910000,-0.0723889,0.0178278,0.116242,0.00702757,0.00838954,0.00367854,29
0,0,32,220910000,-0.00883367,0.00609309,-0.00391388,-0.00218451,0.0105033,0.00133831,29
0,0,32,270910000,-0.0444346,0.0217473,-0.130838,-0.00869036,-0.00686497,0.000449084,29
0,0,32,320910000,-0.0253052,-0.0325058,0.060607,-0.00361316,0.00288431,0.000389107,29
0,0,32,370910000,-0.0250187,0.0064572,0.037014,0.00369381,0.0044426,0.00395086,29
0,0,32,420910000,-0.023278,0.0024231,0.0536861,6.98492e-05,0.00122357,0.00325274,29
0,0,32,470910000,-0.0433678,-0.0031411,0.0227041,0.00103507,0.0126498,0.00570435,29
0,0,32,520910000,-0.167318,0.22199,-2.15896,-0.457833,0.212975,0.135063,29
0,0,32,570910000,0.116175,0.000363447,-0.298663,0.00318717,-0.0661518,0.0141421,29
0,0,32,620910000,-0.0923053,-0.0732689,0.0970306,0.0603141,-0.000691414,-0.0290103,29
0,0,32,670910000,-0.253555,0.0534827,0.550448,0.161761,-0.0914444,0.0201764,29
0,0,32,720910000,-0.00951289,-0.113905,-0.0106583,-0.060612,-0.00552461,0.0184903,29
0,0,32,770910000,-0.0181778,-0.0108305,0.0261374,0.031524,0.0156222,0.000978075,29
0,0,32,820910000,-0.0314213,0.0117044,0.0286884,-0.000127405,0.0041483,0.00581201,29
0,0,32,870910000,-0.0404087,-0.00517767,0.0966511,-0.00649206,0.000926293,0.00148397,29.0156
0,0,32,920910000,-0.0406237,-0.00812679,0.0132971,-0.00271089,0.0012083,0.00241343,29.0156
0,0,32,970910000,-0.0239175,0.00510868,0.0436115,0.0180213,0.00579525,-0.00344664,29.0156
0,0,33,20910000,-0.0217238,-0.00959801,-0.0143557,0.00760537,0.00561345,0.000802241,29.0156
0,0,33,70910000,-0.0235467,0.00158197,-0.0239639,0.00480954,0.000720657,-6.96629e-05,29.0156
0,0,33,120910000,-0.021583,0.00199458,0.0356779,-0.00641569,-0.000338256,0.00199545,29.0156
0,0,33,170910000,-0.0148361,0.000962395,0.0102577,0.00530947,0.000618957,0.00509489,29.0156
0,0,33,220910000,-0.0260141,0.0105353,-0.00525856,-0.0559852,0.0973045,-0.538781,29.0156
0,0,33,270910000,0.186573,0.580421,0.0575686,0.0691245,0.110152,-0.357931,29.0156
0,0,33,320910000,0.22851,0.537139,0.0390186,0.135786,-0.0181191,-0.206431,29.0156
0,0,33,370910000,0.00924326,-0.0672816,-0.253776,0.06465,-0.0674941,0.0918789,29.0156
0,0,33,420910000,-0.00818091,0.0956737,0.185802,0.13369,0.0294646,0.0608849,29.0156
0,0,33,470910000,-0.0336217,-0.0975433,-0.0829935,0.179915,0.0298204,0.0174137,29.0156
0,0,33,520910000,-0.0955245,0.0118737,0.000650406,0.252898,0.0769073,0.137707,29.0156
0,0,33,570910000,0.0873326,0.626182,0.71944,0.648143,0.0220923,0.261769,29.0156
0,0,33,620910000,-1.07135,0.599358,1.52523,3.0685,0.436479,0.798367,29.0156
0,0,33,670910000,-2.52831,0.908014,3.33239,2.04303,2.67854,-0.241311,29.0156
0,0,33,720910000,-0.0071518,0.427577,-3.39807,1.22816,1.46356,-1.07109,29.0156
0,0,33,770910000,-1.59952,-1.6073,-2.5858,-1.44914,-0.792288,-0.534787,29.0156
0,0,33,820910000,1.90394,0.869356,1.41097,-0.917551,-3.16455,-0.0390935,29.0156
0,0,33,870910000,-1.20639,0.569666,0.973523,-1.17828,0.499564,-0.019464,28.9883
0,0,33,920910000,0.856248,0.241767,0.389894,-0.0663572,-0.674859,-0.102607,28.9883
0,0,33,970910000,0.278383,0.443947,0.240092,-0.790755,-0.486604,-0.191418,28.9883
0,0,34,20910000,-0.141025,-0.451065,-0.397833,-0.670317,-0.736565,0.0590534,28.9883
0,0,34,70910000,0.591071,-0.0992853,0.861378,-0.909878,-0.639773,0.135899,28.9883
0,0,34,120910000,-0.331437,0.0393158,0.652321,-0.900074,-0.317674,0.00584668,28.9883
0,0,34,170910000,-0.130645,0.045014,0.541689,-0.08795,-0.136061,0.00723768,28.9883
0,0,34,220910000,-0.151651,0.244926,0.640534,0.2632,-0.017624,0.0343027,28.9883
0,0,34,270910000,-0.118103,2.94957,2.61559,2.25563,0.415192,1.02164,28.9883
0,0,34,320910000,-1.04542,-2.80819,1.74155,5.18477,2.40199,0.662102,28.9883
0,0,34,370910000,-0.519349,-0.269103,-3.96264,1.20088,2.71684,-0.759558,28.9883
0,0,34,420910000,0.19659,-0.651189,-3.20493,-1.79979,-1.26962,-0.242979,28.9883
0,0,34,470910000,0.20278,0.68849,2.47866,-1.80957,-1.2896,-0.273504,28.9883
0,0,34,520910000,-0.221845,0.000767723,0.215359,-0.358876,-0.100232,0.423814,28.9883
0,0,34,570910000,-0.15645,-0.345642,0.0443382,-0.261795,-0.273705,-0.0746385,28.9883
0,0,34,620910000,0.684062,0.214857,-0.0411291,-0.154761,-0.564563,0.103061,28.9883
0,0,34,670910000,-0.0920425,-0.880269,-0.869364,-1.53867,-0.353258,-0.23108,28.9883
0,0,34,720910000,0.392181,-0.188877,0.603491,-1.84094,-0.82999,-0.619689,28.9883
0,0,34,770910000,-0.380081,1.11804,1.48306,-0.786211,-0.946623,-0.310885,28.9883
0,0,34,820910000,-0.0122282,-0.00909504,0.284067,0.115086,-0.193653,0.117462,28.9883
0,0,34,870910000,-0.0211257,-0.0136171,0.0340767,0.0329694,0.0270499,0.0884028,29.0312
0,0,34,920910000,0.00158876,-0.118087,-0.0966368,0.00190157,0.0260575,0.0197967,29.0312
0,0,34,970910000,-0.0447005,-0.0496641,0.0394249,0.064229,0.0740467,-0.00564344,29.0312
0,0,35,20910000,-0.0450735,0.358592,0.286391,0.432546,-0.0512492,0.063693,29.0312
0,0,35,70910000,-0.0769525,1.78493,1.69192,1.97992,-0.0537443,0.768291,29.0312
0,0,35,120910000,-0.607097,-1.77041,0.300426,3.94268,2.34703,1.05597,29.0312
0,0,35,170910000,-0.479416,-0.741697,-2.20868,1.63022,0.769148,-0.21063,29.0312
0,0,35,220910000,0.068664,-0.523929,-2.01,-0.0109863,-0.124821,-0.0981506,29.0312
0,0,35,270910000,-0.0684894,0.260886,1.05928,-0.40029,-0.268473,0.0504463,29.0312
0,0,35,320910000,-0.0922589,0.146464,0.391137,0.16045,0.000583939,0.113713,29.0312
0,0,35,370910000,-0.0721688,-0.10775,-0.143679,0.0444351,0.131359,0.0367751,29.0312
0,0,35,420910000,-0.107237,-0.236438,-0.301595,-0.267588,0.214514,0.0349699,29.0312
0,0,35,470910000,0.157362,-0.595775,-1.30896,-0.525016,-0.0299909,0.0598321,29.0312
0,0,35,520910000,-0.479289,-3.82413,-0.977889,-3.39464,-4.09516,-0.577173,29.0312
0,0,35,570910000,-0.0276865,3.30277,3.01107,-4.64123,-0.613248,-1.8398,29.0312
0,0,35,620910000,0.0240336,0.209281,-0.514884,0.81534,-0.145703,0.127157,29.0312
0,0,35,670910000,0.492628,-0.79857,-0.751368,-0.0399042,0.253464,0.156592,29.0312
0,0,35,720910000,0.0191584,0.134729,0.0926943,0.131524,-0.000810623,-0.0165328,29.0312
0,0,35,770910000,-0.041526,-0.00446584,-0.157548,-0.0660721,0.032009,-0.0150912,29.0312
0,0,35,820910000,0.0684781,0.0134213,0.146215,0.0165908,0.0447126,-0.0116948,29.0312
0,0,35,870910000,0.0233116,0.0731823,0.0451574,0.0374423,-0.0192303,0.0129012,29.0078
0,0,35,920910000,-0.261892,2.67001,2.38894,1.10881,0.107537,0.658015,29.0078
0,0,35,970910000,-2.90608,-0.994084,3.82809,5.43078,3.43009,2.29338,29.0078
0,0,36,20910000,0.841185,-1.08567,-5.88285,2.70128,1.32912,-0.452694,29.0078
0,0,36,70910000,0.184653,-1.3289,-4.45761,-0.300895,-0.6352,-0.0438851,29.0078
0,0,36,120910000,0.659483,0.554306,2.29932,-1.98194,-0.874337,-0.281115,29.0078
0,0,36,170910000,-0.0847059,0.367738,1.26294,0.100033,0.0351513,0.165506,29.0078
0,0,36,220910000,-0.199142,-0.194371,-0.405244,0.201849,0.0850873,0.03211,29.0078
0,0,36,270910000,0.0151581,-0.332613,-0.39291,0.0847778,0.523998,0.0730927,29.0078
0,0,36,320910000,-0.0126808,-0.363053,-0.673289,-0.481983,-1.1403,0.0642835,29.0078
0,0,36,370910000,0.330425,-2.57525,-4.67187,-2.27652,-2.95298,-0.394375,29.0078
0,0,36,420910000,-0.467397,-2.22854,1.2505,-6.22184,-0.0706702,-2.7973,29.0078
0,0,36,470910000,-0.759018,1.35709,-0.480982,0.177801,-0.450431,0.157126,29.0078
0,0,36,520910000,0.580754,-0.403561,-0.143907,0.448404,0.633903,0.500695,29.0078
0,0,36,570910000,0.141313,0.0560743,0.413938,-0.176183,0.0133095,-0.0176869,29.0078
0,0,36,620910000,0.0381506,-0.0736682,-0.169504,0.0527078,0.0483485,-0.0217658,29.0078
0,0,36,670910000,-0.0430985,0.168958,0.344055,0.0280326,-0.0464093,-0.0580415,29.0078
0,0,36,720910000,0.0599016,0.0643957,-0.037158,0.00453312,-0.0401147,-0.000780821,29.0078
0,0,36,770910000,0.0789706,0.243205,0.367154,0.104436,-0.0707638,0.0482561,29.0078
0,0,36,820910000,-0.547395,5.16746,3.77319,1.10738,1.65128,2.41023,29.0078
0,0,36,870910000,-1.27443,-2.93153,-0.742388,3.61548,5.02437,2.57418,28.9883
0,0,36,920910000,0.938949,-1.12715,-4.93943,1.0998,1.01852,0.317311,28.9883
0,0,36,970910000,-0.970893,0.223343,1.34195,-1.0469,-1.3719,-0.141398,28.9883
0,0,37,20910000,0.253381,-0.0345089,0.212397,-0.31841,-0.519467,-0.138739,28.9883
0,0,37,70910000,-0.112298,-0.160965,-0.0449228,0.184588,0.16141,0.0447126,28.9883
0,0,37,120910000,0.12234,-0.260888,-0.656766,0.120346,0.0419533,0.0196574,28.9883
0,0,37,170910000,-0.00114149,-0.129603,-0.162893,-0.102833,-0.159584,-0.0369873,28.9883
0,0,37,220910000,1.00352,-0.995127,-3.41894,-0.700755,-2.47937,-0.219222,28.9883
0,0,37,270910000,-0.0103567,-0.800789,2.42426,-2.1558,-5.35487,-3.65604,28.9883
0,0,37,320910000,0.795166,1.27627,2.02315,-1.38652,-0.239316,-1.98688,28.9883
0,0,37,370910000,-0.205774,0.262779,-0.148616,0.101879,0.217911,-0.0781156,28.9883
0,0,37,420910000,-0.0472119,-0.21718,-0.492891,-0.265265,0.185231,0.0672626,28.9883
0,0,37,470910000,-0.058946,0.104036,0.0896196,-0.0709202,0.0956828,0.0535415,28.9883
0,0,37,520910000,-0.00207053,-0.250613,-0.178582,-0.108891,0.0940291,0.0125961,28.9883
0,0,37,570910000,-0.0285748,0.0317541,0.110346,-0.078655,0.171225,0.00953954,28.9883
0,0,37,620910000,-0.0665001,0.0445501,0.107148,-0.155953,0.22288,0.0562435,28.9883
0,0,37,670910000,0.348838,2.79457,2.43294,0.868458,0.726156,0.696772,28.9883
0,0,37,720910000,-1.97991,0.292579,1.39142,3.74118,1.6052,1.33303,28.9883
0,0,37,770910000,0.590086,0.0728916,-0.891327,3.64655,2.68191,1.02481,28.9883
0,0,37,820910000,-0.767288,-0.869069,-4.30533,0.0627903,2.30792,-0.225042,28.9883
0,0,37,870910000,0.238557,-0.0559942,-0.113456,-1.70511,-0.0371304,-0.341453,28.9922
0,0,37,920910000,0.273147,0.657628,1.93158,-0.540106,-0.695547,0.00944122,28.9922
0,0,37,970910000,-0.338437,0.132166,0.402894,0.353293,0.320025,0.322055,28.9922
0,0,38,20910000,0.00333697,-0.00214303,-0.00523949,-0.151134,-0.18873,-0.0973571,28.9922
0,0,38,70910000,0.166342,-0.422391,-0.904603,-0.488908,-0.959953,-0.172476,28.9922
0,0,38,120910000,-0.537502,-4.16846,-5.63049,-2.57919,-4.09164,-1.93589,28.9922
0,0,38,170910000,2.79946,5.34822,4.09663,-2.37286,-3.35161,-2.74236,28.9922
0,0,38,220910000,-0.504385,-0.31315,0.0226717,0.333096,0.105229,0.166181,28.9922
0,0,38,270910000,0.252661,0.428883,0.0803146,0.579958,0.364433,0.554187,28.9922
0,0,38,320910000,-0.0210005,-0.28741,-0.0779715,0.0554355,0.0475491,0.406472,28.9922
0,0,38,370910000,-0.163354,-0.00516264,-0.0236521,-0.0116687,0.161727,0.398757,28.9922
0,0,38,420910000,0.1948,-0.124654,-0.31076,0.067172,0.169749,-0.260445,28.9922
0,0,38,470910000,0.0104628,0.0825338,0.035594,0.0051586,0.0217928,-0.000967085,28.9922
0,0,38,520910000,0.0020351,0.000308696,0.00846195,-0.0114739,0.00499357,0.00717994,28.9922
0,0,38,570910000,0.0423657,0.0957206,0.108333,-0.074235,0.00938606,0.20469,28.9922
0,0,38,620910000,0.0519544,0.0342862,-0.0299654,0.0405172,-0.00974946,0.0112092,28.9922
0,0,38,670910000,0.054372,0.0208136,-0.0163364,0.00785943,0.0413602,-0.0460193,28.9922
0,0,38,720910000,0.0387039,0.0041421,0.00916862,-0.0112116,0.00516418,-0.00149682,28.9922
0,0,38,770910000,0.0234987,0.0252616,0.0204487,0.000507943,-0.00280216,0.00241157,28.9922
0,0,38,820910000,0.0290847,0.0131837,0.0255756,0.00311974,0.000240095,0.0026485,28.9922
0,0,38,870910000,0.0206,0.0227456,0.0327663,-0.00124611,0.00543762,0.000742264,28.9531
0,0,38,920910000,0.0355402,0.0196532,0.0304775,-0.000838563,0.0047816,0.000603683,28.9531
0,0,38,970910000,0.0258697,0.0122318,-0.00306606,0.00297558,0.00164676,0.00143778,28.9531
0,0,39,20910000,0.0251802,0.0320443,0.00916004,0.00534561,-0.00151657,0.00217948,28.9531
0,0,39,70910000,0.0510183,0.0337876,0.0132618,0.006417,-0.000651181,0.00309702,28.9531
0,0,39,120910000,0.0325742,0.0188373,0.0234861,0.0127891,-0.00112094,0.00800733,28.9531
0,0,39,170910000,0.0263774,0.0190935,-0.0014925,0.00163298,0.00308733,0.00290032,28.9531
0,0,39,220910000,0.0421259,0.02719,0.0166779,-0.0101257,0.00364166,-0.0038363,28.9531
0,0,39,270910000,0.0424454,0.0373481,0.0245075,0.00153016,0.00360291,0.000934117,28.9531
0,0,39,320910000,0.0362597,0.0226591,-0.020628,0.00697393,0.00191648,0.00369158,28.9531
0,0,39,370910000,0.0201101,0.0286952,-0.00523472,-0.002639,0.00215899,-0.000299141,28.9531
0,0,39,420910000,0.022939,0.0400847,0.0276413,0.00626501,0.00109356,0.000968762,28.9531
0,0,39,470910000,0.0337725,0.0228515,-0.00241661,0.00755657,0.00222381,0.0022253,28.9531
0,0,39,520910000,0.0332664,0.0165264,-0.00158691,-0.00259504,-0.000109524,0.00148695,28.9531
0,0,39,570910000,0.0351003,0.0284039,0.00725555,-0.00578128,0.00148099,-0.00132509,28.9531
0,0,39,620910000,0.0369648,0.0238119,-0.0179672,0.000812672,0.0013588,0.00517611,28.9531
0,0,39,670910000,0.00987707,0.00628035,-0.00946903,0.00441428,0.00202265,0.00352096,28.9531
0,0,39,720910000,0.0333318,0.0130007,0.0114021,0.00735912,-0.00114292,0.00202339,28.9531
0,0,39,770910000,0.0236749,0.0315837,0.00468636,0.0108538,-0.00257008,0.00209715,28.9531
0,0,39,820910000,0.0234627,0.00288202,0.0079174,0.0068279,-0.0016056,0.00748057,28.9531
0,0,39,870910000,0.0317382,0.0268026,-0.0159588,0.00213105,0.000189804,0.00252035,28.9922
0,0,39,920910000,0.0358078,0.0231855,-0.00503349,0.00194442,0.000756048,0.00218432,28.9922
0,0,39,970910000,0.0438902,0.041576,0.0102186,0.00471342,-0.000651926,0.0047734,28.9922
0,0,40,20910000,0.0322947,0.0207086,-0.00483799,0.00778642,0.000269897,0.00349861,28.9922
0,0,40,70910000,0.0287752,0.0174639,-0.013176,0.0014687,0.00260565,0.00410881,28.9922
0,0,40,120910000,0.0460532,0.0406481,0.00756359,0.00100192,0.00344683,0.00106785,28.9922
0,0,40,170910000,0.0419667,0.028546,-0.0142555,0.00437256,0.00152867,0.00263583,28.9922
0,0,40,220910000,0.0423395,0.026766,1.04904e-05,-0.00173748,0.000688992,0.00169817,28.9922
0,0,40,270910000,0.0429794,0.0231673,0.0154839,-0.00330061,0.00353139,0.000635721,28.9922
0,0,40,320910000,0.0359925,0.0136697,0.0154505,0.000158511,-0.00156425,0.00181664,28.9922
0,0,40,370910000,0.0231342,0.0421046,0.0177374,0.0049239,-0.00280999,0.00229385,28.9922
0,0,40,420910000,0.0304316,0.0207887,0.0107174,0.00417251,-0.00203028,0.00327062,28.9922
0,0,40,470910000,0.00809179,0.0185824,0.0191555,0.000327639,0.00144597,0.00261199,28.9922
0,0,40,520910000,0.0416825,0.00602089,0.0110884,0.00150446,0.00485163,-0.000335649,28.9922
0,0,40,570910000,0.0247654,0.0234239,0.0210571,-0.00106283,-0.000130758,5.19678e-05,28.9922
0,0,40,620910000,0.0106419,0.0387384,0.062851,0.00492726,0.00184421,0.002723,28.9922
0,0,40,670910000,0.0238974,0.0053307,0.00738525,0.00896063,-0.00309348,0.00269543,28.9922
0,0,40,720910000,0.0149234,0.0211649,0.0457869,-0.00443757,0.00259746,0.00157896,28.9922
0,0,40,770910000,0.0235796,0.0239018,0.0226059,0.00212807,0.00767279,0.00278186,28.9922
0,0,40,820910000,0.0246054,0.0278918,-0.004282,0.00668001,0.00776108,0.0042161,29.0312
0,0,40,870910000,0.0274891,0.0306973,-0.000709534,0.00324119,0.00264477,0.00172611,29.0312
0,0,40,920910000,0.0284231,0.0137108,0.0156193,0.00450108,0.00112262,0.00509266,29.0312
0,0,40,970910000,0.0272285,0.0261909,0.0205259,0.0023799,0.00523497,0.00368264,29.0312
0,0,41,20910000,0.0299443,-0.0010963,0.0191545,0.003911,0.001931,0.00208076,29.0312
0,0,41,70910000,0.0180743,0.0379739,0.0296631,0.00266042,-0.000335276,0.00263136,29.0312
0,0,41,120910000,0.0227329,0.0104354,-0.00961304,0.00085514,0.00589099,0.00141319,29.0312
0,0,41,170910000,0.0197258,0.0375283,0.0312519,-1.49012e-06,0.00427794,0.00111815,29.0312
0,0,41,220910000,0.0118168,0.0212133,0.0068655,0.0119636,0.00372361,0.00519138,29.0312
0,0,41,270910000,0.014461,0.0113036,-0.0252829,0.00823382,0.000444986,0.00608657,29.0312
0,0,41,320910000,0.0235525,0.0204221,0.031086,-0.0022877,0.00422802,-0.00307038,29.0312
0,0,41,370910000,0.0311972,0.0190562,0.0137434,0.00812281,0.00469554,0.00176374,29.0312
0,0,41,420910000,0.0193278,0.0342938,0.00616646,0.00791978,0.00383873,0.00584368,29.0312
0,0,41,470910000,0.0124156,0.0402594,-0.00787544,-0.00370517,0.00431556,0.00335295,29.0312
0,0,41,520910000,-0.000227738,0.0112124,0.0112772,-0.0028722,0.00805575,0.00409093,29.0312
0,0,41,570910000,0.0400018,0.0222916,-0.0289125,0.000524335,0.00489484,0.00123773,29.0312
0,0,41,620910000,0.0138018,0.0289886,0.00157261,-0.00172369,0.0023203,4.52623e-05,29.0312
0,0,41,670910000,0.00733359,0.0254978,0.0344362,-0.00190586,0.0033712,-0.0036411,29.0312
0,0,41,720910000,-0.0184408,0.0307292,0.0393982,0.00866893,-0.000149384,0.00347774,29.0312
0,0,41,770910000,0.0290077,-0.00150742,0.0182476,0.00733342,0.00404324,0.003081,29.0312
0,0,41,820910000,0.00163366,0.041403,0.00187874,-0.000692531,0.00474509,0.00170898,29.0312
0,0,41,870910000,0.020207,0.00129788,-0.00949192,0.00396315,0.00105556,0.00149552,29.0312
0,0,41,920910000,0.0167129,0.0153232,-0.00448227,-0.00109375,0.000489689,0.000370853,29.0312
0,0,41,970910000,-0.0124139,0.071052,0.0243845,0.00384618,0.00439901,0.000868551,29.0312
0,0,42,20910000,0.0127012,-0.0323419,0.00693035,0.00885557,0.00437554,0.00260118,29.0312
0,0,42,70910000,-0.00536838,0.00963247,0.00497723,0.00130404,0.00371393,-4.65661e-05,29.0312
0,0,42,120910000,0.0495333,0.0147895,0.00928497,-0.00352711,-0.000784546,-0.00170916,29.0312
0,0,42,170910000,0.0216548,0.0501055,0.0122414,-0.00105649,-0.00114478,0.00230689,29.0312
0,0,42,220910000,0.0161022,0.00954233,0.0407934,0.011901,-0.000695884,0.0110867,29.0312
0,0,42,270910000,-0.000698678,0.0226041,-0.0148191,0.00142362,0.00295583,0.00464637,29.0312
0,0,42,320910000,0.022052,0.00889551,-0.00998402,-0.000894815,0.00833105,0.00336859,29.0312
0,0,42,370910000,0.0135131,0.0354452,0.0236731,-0.0041239,0.0108929,0.00157263,29.0312
0,0,42,420910000,0.0455564,0.00490322,-0.00280666,0.00413749,0.00636708,0.00407267,29.0312
0,0,42,470910000,-0.00701125,0.0225905,-0.0487881,-0.000111386,-0.000755861,-0.0015635,29.0312
0,0,42,520910000,-0.00153974,0.0342163,0.0605135,-0.00475161,-0.00126734,-0.00695139,29.0312
0,0,42,570910000,0.0233154,0.0315658,0.0437689,0.00564922,0.00066366,-0.000390038,29.0312
0,0,42,620910000,0.029802,-0.00591153,-0.0429611,0.00771042,0.00506807,0.00743773,29.0312
0,0,42,670910000,-0.0111897,-0.0263544,-0.00260639,-0.00698119,0.00362564,0.00399184,29.0312
0,0,42,720910000,0.0106654,0.0823309,0.0399246,0.00095237,-0.00111163,-0.00338852,29.0312
0,0,42,770910000,-0.0175127,0.0376545,0.0431261,0.0130555,-0.00549741,0.00307541,29.0312
0,0,42,820910000,0.00542311,-0.0239022,-0.000469208,0.00140723,0.000300817,0.000241958,29.0039
0,0,42,870910000,0.00186902,0.0126789,0.0299168,-0.0108611,0.00518095,-0.00408404,29.0039
0,0,42,920910000,0.0134674,0.0252963,0.0218697,-0.00189245,0.00418369,0.000609271,29.0039
0,0,42,970910000,0.00912705,0.0494139,-0.004776,0.00470635,-0.00399314,0.00371244,29.0039
0,0,43,20910000,-0.00778303,-0.00272235,0.0655718,0.00144038,0.000874512,-0.000186264,29.0039
0,0,43,70910000,0.00982543,0.0325343,0.0375977,0.00502747,0.00567157,0.00341553,29.0039
0,0,43,120910000,-0.00676561,0.00411313,0.00761604,-0.00147745,0.0104712,0.00375565,29.0039
0,0,43,170910000,0.00751775,0.00892042,-0.00173664,-0.00920892,0.00967625,-0.0012517,29.0039
0,0,43,220910000,0.0180671,0.0357362,0.0147066,-0.00316538,0.00286493,-0.00152066,29.0039
0,0,43,270910000,0.00711661,0.0303038,0.00530434,-0.00632033,0.00733789,0.000828318,29.0039
0,0,43,320910000,0.0184388,-0.00312941,-0.00725365,-0.00521764,0.00924859,-0.0024233,29.0039
0,0,43,370910000,-0.0161369,0.0206306,0.00499153,0.00102166,0.00475254,-0.00294484,29.0039
0,0,43,420910000,0.00567163,0.0233059,0.00844955,0.00243504,0.00437219,0.0011811,29.0039
0,0,43,470910000,0.00027696,0.00313551,-0.0116148,0.000343658,0.00056345,0.00284258,29.0039
0,0,43,520910000,-0.0163549,0.0283636,0.0412245,-0.00401139,-0.000314042,0.000912882,29.0039
0,0,43,570910000,0.0330976,0.0141011,0.0209684,0.00594612,-0.00126474,6.89179e-06,29.0039
0,0,43,620910000,0.00952315,0.015229,0.000144958,0.00675339,-0.00153929,0.00258517,29.0039
0,0,43,670910000,0.00377246,0.0116883,0.00123405,-0.00323318,0.00338797,-0.000891462,29.0039
0,0,43,720910000,0.0201725,0.0157429,0.0114374,-0.00168718,0.00524353,0.00167061,29.0039
0,0,43,770910000,0.0032048,0.0155906,-0.0168667,-0.00300743,0.00606049,5.30854e-05,29.0039
0,0,43,820910000,0.0122207,0.00520511,-0.0428391,-0.000914559,0.00497717,-0.00214837,29.0156
0,0,43,870910000,-0.00414263,0.00190785,-0.00708389,-0.000853092,0.00131298,-0.00124574,29.0156
0,0,43,920910000,-0.0258739,-0.0851298,0.237635,-0.0051748,0.0320984,-0.00140145,29.0156
0,0,43,970910000,-0.0391059,0.033595,0.139035,0.0207374,0.0209512,0.000403263,29.0156
0,0,44,20910000,-0.001757,0.0189862,-0.000648499,0.00799503,0.0156006,0.000837632,29.0156
0,0,44,70910000,0.0100238,0.0169077,-0.00995445,-0.00411943,0.00691768,0.00240225,29.0156
0,0,44,120910000,-0.00478588,0.00872817,0.047123,0.00286195,-0.00238381,0.00399705,29.0156
0,0,44,170910000,0.00189051,0.0189907,0.0269957,-0.00237226,0.00401717,0.00182521,29.0156
0,0,44,220910000,0.00527525,0.0127591,-0.0123644,-0.00278205,0.00748355,0.000622682,29.0156
0,0,44,270910000,0.0156013,0.0113214,-0.0243502,-0.000825152,0.00295136,0.00274424,29.0156
0,0,44,320910000,0.010378,0.00108735,-0.00810528,0.00370909,0.00145379,0.00166316,29.0156
0,0,44,370910000,-0.0041525,0.0256601,-0.00277805,0.000691973,0.00359993,0.00282209,29.0156
0,0,44,420910000,0.0127053,0.0210816,0.00535583,-0.00162646,0.00666697,0.0016747,29.0156
0,0,44,470910000,0.00721123,0.024978,-0.0261621,0.00147391,0.00446457,-8.82894e-05,29.0156
0,0,44,520910000,0.012564,-0.00345802,-0.0209627,0.00208821,0.00108723,-2.6077e-06,29.0156
0,0,44,570910000,0.00269415,-0.00116551,0.0310068,0.000333227,0.00719149,-4.47035e-06,29.0156
0,0,44,620910000,-0.00563959,0.00728806,0.0252256,0.00699665,0.0041334,0.00309478,29.0156
0,0,44,670910000,0.00347049,0.0117042,-0.018136,0.000833906,0.00397731,0.00112038,29.0156
0,0,44,720910000,-0.0036803,0.0117565,-0.0141096,1.13621e-05,0.00353213,-0.000847131,29.0156
0,0,44,770910000,0.00458835,-0.0019669,-0.00508595,0.00272114,0.00056494,0.00161547,29.0156
0,0,44,820910000,0.00892146,0.0250845,-0.0102062,0.00398513,-0.00434518,0.00455622,29.0078
0,0,44,870910000,-0.00705572,-0.00665215,-0.0114012,-0.00590235,0.0118157,-0.000138953,29.0078
0,0,44,920910000,0.0118182,-0.00356599,-0.0074358,0.000122376,0.00561532,-0.000467524,29.0078
0,0,44,970910000,0.00564446,0.0104484,-0.0496645,0.00257548,0.00116099,-0.000726804,29.0078
0,0,45,20910000,-0.000427987,0.00628681,-0.00730991,-0.00333786,0.00181068,0.00148285,29.0078
0,0,45,70910000,-0.00427962,-0.0119502,0.036171,0.000648014,0.00414681,-3.27826e-05,29.0078
0,0,45,120910000,0.0204187,0.0197753,0.0362425,0.00550877,0.00524838,0.000934117,29.0078
0,0,45,170910000,-0.00560255,-0.00925067,0.00203037,0.00456981,0.00602268,0.000385568,29.0078
0,0,45,220910000,-0.0105271,-0.00754355,0.00135899,0.00122692,0.00398103,0.00192467,29.0078
0,0,45,270910000,-0.0139016,0.0112426,0.0250349,0.00276323,0.00262652,0.00235606,29.0078
0,0,45,320910000,0.00824104,0.0105045,0.0344067,0.00234414,0.00341889,0.00109505,29.0078
0,0,45,370910000,0.0239944,0.0275816,0.0133638,0.00128765,0.00206698,0.000820495,29.0078
0,0,45,420910000,0.00380624,0.016857,0.00481987,0.00223164,0.0022782,0.00239108,29.0078
0,0,45,470910000,0.00361506,0.00397598,-0.00154781,0.00205729,0.00128355,0.00281539,29.0078
0,0,45,520910000,0.0011169,0.0286844,0.0203829,-0.00261739,0.00205096,0.000914373,29.0078
0,0,45,570910000,-0.00590221,-0.00737171,0.0205374,-0.00182129,0.00106562,0.000567175,29.0078
0,0,45,620910000,-0.00431881,0.00575506,0.00701237,0.00112187,0.00148881,0.000638701,29.0078
0,0,45,670910000,0.00879556,-0.00467454,-0.00985527,-0.00181049,0.00316072,0.00208821,29.0078
0,0,45,720910000,-0.000215534,0.00920587,-0.0109911,-0.00304095,0.00247192,-0.000880659,29.0078
0,0,45,770910000,-0.000341795,0.011915,0.00594997,-0.000679493,-0.00026077,0.00066068,29.0078
0,0,45,820910000,-0.00870027,-0.00549859,0.0132895,0.00172835,0.00115316,-0.000458956,29.0117
0,0,45,870910000,0.00314333,-0.00231569,-0.013483,0.00249017,0.00426937,0.00174847,29.0117
0,0,45,920910000,-0.000788409,0.0143054,-0.00809097,0.00198279,0.00198055,0.00097882,29.0117
0,0,45,970910000,1.68011e-05,-0.0273081,0.026494,0.00104494,-0.000824407,0.00128783,29.0117
0,0,46,20910000,0.00272482,0.00591996,0.0503902,0.00222269,0.00126641,0.00159647,29.0117
0,0,46,70910000,-0.0149875,0.0113556,0.0136757,-0.000152364,0.00135954,0.00150371,29.0117
0,0,46,120910000,-0.00278189,0.00431144,0.0155497,0.000795163,0.00246856,0.00237133,29.0117
0,0,46,170910000,0.0165924,0.0143785,0.01443,-0.000622123,0.000491552,0.00131298,29.0117
0,0,46,220910000,0.0158547,0.001914,0.0149593,2.14204e-05,0.00184122,0.00101905,29.0117
0,0,46,270910000,-0.00998758,0.0108113,0.0172482,-0.000816584,0.00368711,0.00234377,29.0117
0,0,46,320910000,0.00857945,0.0109008,-0.0052166,4.28408e-06,0.00404697,0.00234749,29.0117
0,0,46,370910000,0.00581303,-0.0170152,0.0471306,0.00355002,0.000712089,-2.5332e-05,29.0117
0,0,46,420910000,-0.0313869,0.0112659,0.058363,0.00492465,-0.000386685,6.7614e-05,29.0117
0,0,46,470910000,-0.00681978,0.0181147,0.0465593,0.00278372,0.00496562,0.00224356,29.0117
0,0,46,520910000,0.00612005,-0.00821839,0.0235443,0.00226144,0.00625011,0.00100266,29.0117
0,0,46,570910000,-0.00484529,0.01856,0.0160017,0.00382718,-0.00560395,0.00255499,29.0117
0,0,46,620910000,-0.00918756,0.0216639,0.0652218,0.00199769,-0.00129603,0.00447538,29.0117
0,0,46,670910000,-0.0294726,-0.0220131,0.153281,-0.00663996,0.0211174,-0.000239164,29.0117
0,0,46,720910000,-0.0472914,0.00560723,0.136412,0.0174204,0.0148257,0.000781007,29.0117
0,0,46,770910000,-0.00823097,0.00603446,-0.0329838,0.0142137,0.00861268,0.00128653,29.0117
0,0,46,820910000,0.00327917,0.0228421,-0.050168,-0.00392534,0.00407901,0.0010049,29.0469
0,0,46,870910000,-0.0091066,0.0164094,0.0277529,-0.00375435,0.000653975,0.00134911,29.0469
0,0,46,920910000,-0.00718582,0.0243049,0.046051,0.00155587,-0.000837073,0.00150632,29.0469
0,0,46,970910000,0.000123788,0.00170854,-0.0047493,-0.00073053,0.00212323,0.000496395,29.0469
0,0,47,20910000,-0.0191699,0.003536,0.091135,-0.000179931,0.0107968,-0.00035055,29.0469
0,0,47,70910000,-0.0271925,0.013675,0.0531425,0.0146167,0.00462551,0.00385251,29.0469
0,0,47,120910000,-0.0179816,-0.00406324,0.011446,0.00357311,0.0082599,-0.000747293,29.0469
0,0,47,170910000,-0.0142693,0.0100089,-0.014452,-0.00203103,0.0051612,0.00236575,29.0469
0,0,47,220910000,-0.000580296,0.00836774,0.00555992,0.00106599,0.00134278,0.00203159,29.0469
0,0,47,270910000,-0.00782089,0.00131512,0.0169468,0.00431668,0.00111554,0.00179727,29.0469
0,0,47,320910000,-0.0210867,-0.00690184,0.0137081,0.00123028,0.00315588,0.000820868,29.0469
0,0,47,370910000,0.013914,0.0126573,-0.0108919,-0.000721216,0.00218246,0.00198875,29.0469
0,0,47,420910000,-0.0289254,0.0109587,0.0153828,-0.00111014,0.00339728,0.00212286,29.0469
0,0,47,470910000,-0.0215781,0.0113879,0.0392513,-8.15839e-05,0.00629146,0.00173543,29.0469
0,0,47,520910000,-0.0110865,0.00506159,0.0302401,0.00516381,0.0065608,0.00184011,29.0469
0,0,47,570910000,0.00817618,-0.00189446,-0.0369654,0.00338871,0.00295807,0.00162404,29.0469
0,0,47,620910000,-0.0158882,0.0164902,0.00252533,-0.000361726,-0.00016056,0.00190195,29.0469
0,0,47,670910000,-0.00366455,0.0038149,0.0770693,0.00128094,-0.000227988,0.00200439,29.0469
0,0,47,720910000,-0.0217792,0.0165048,0.0543365,0.00191201,0.00138525,0.00088308,29.0469
0,0,47,770910000,-0.0100801,-0.00161801,0.0151386,-0.000811741,0.00523981,0.000692345,29.0469
0,0,47,820910000,-0.018321,0.000424139,0.0581694,0.00341553,-0.00369735,0.00206437,28.9688
0,0,47,870910000,-0.016965,0.0156991,0.0749712,0.000693463,0.00274722,0.00187811,28.9688
0,0,47,920910000,-0.0157808,0.00933797,0.0503769,0.0015473,0.00790153,0.00167396,28.9688
0,0,47,970910000,-0.000396684,-0.00343019,0.0139341,-0.000469387,0.00785422,-0.00057742,28.9688
0,0,48,20910000,0.000290889,0.0083555,-0.0307379,0.00189934,-0.000427291,0.00252593,28.9688
0,0,48,70910000,-0.0035418,-0.00284203,0.021841,0.00121761,0.00185352,0.00124779,28.9688
0,0,48,120910000,0.011419,0.0122892,0.0185862,0.00214074,0.00440162,0.00131037,28.9688
0,0,48,170910000,0.00874809,0.00794816,-0.00437355,0.00488963,0.00563022,-0.000363588,28.9688
0,0,48,220910000,0.00111196,0.01003,-0.0118313,0.00144634,0.00391547,0.00184495,28.9688
0,0,48,270910000,-0.000520788,0.00323562,0.00332165,-0.000584871,0.00337642,0.00101123,28.9688
0,0,48,320910000,-0.00856304,0.00679486,0.0210352,-0.000466034,0.00470411,0.0019582,28.9688
0,0,48,370910000,0.00214635,-0.00701502,0.028388,-1.00583e-05,0.00506844,0.00142585,28.9688
0,0,48,420910000,-0.00482969,0.0088524,-0.00364876,0.00361558,0.00309032,0.00260714,28.9688
0,0,48,470910000,-0.0115554,0.0057468,0.020402,0.00227522,0.00304747,0.00160057,28.9688
0,0,48,520910000,-0.0141473,0.0190425,0.0304337,0.00179131,0.00069756,0.00234563,28.9688
0,0,48,570910000,0.00706875,0.00692693,0.0318365,0.00303257,0.00328254,-0.00019148,28.9688
0,0,48,620910000,0.0076122,0.00890468,0.0100908,0.00151265,0.00276882,0.000697933,28.9688
0,0,48,670910000,-0.0111411,0.011784,-0.00651455,0.000292994,0.0013927,-0.000604987,28.9688
0,0,48,720910000,-0.00942286,-0.00417641,0.00893879,-2.94298e-05,-0.000485033,0.00214558,28.9688
0,0,48,770910000,-0.010169,0.0156021,0.0370121,-0.000730529,9.44361e-05,0.00159461,28.9688
0,0,48,820910000,-0.0176839,0.011255,0.0195293,0.000698306,0.00324715,0.00272449,29.0469
0,0,48,870910000,-0.0238226,-0.00509741,0.0015955,0.000786223,0.00489224,0.00100639,29.0469
0,0,48,920910000,-0.00220565,0.00152024,0.0136967,0.00168998,0.000154041,0.00321958,29.0469
0,0,48,970910000,-0.0115185,-0.0115887,0.0134239,0.00138711,0.000599586,0.000346266,29.0469
0,0,49,20910000,-0.0235521,-0.00928738,0.0386925,0.00202637,0.00190977,0.000885315,29.0469
0,0,49,70910000,-0.0122328,-0.000392159,0.0370922,0.00199731,0.00102874,-0.000318885,29.0469
0,0,49,120910000,-0.013631,0.012305,0.0230932,0.00187848,0.00367444,0.000268407,29.0469
0,0,49,170910000,-0.0257993,-0.00350842,0.0230341,0.000442378,0.00240672,0.000858866,29.0469
0,0,49,220910000,-0.0162238,-0.00679356,0.0256939,0.00148471,0.00117216,0.000210293,29.0469
0,0,49,270910000,-0.0102364,-0.00665662,0.020503,-0.000131875,0.00210945,0.00124965,29.0469
0,0,49,320910000,-0.00921584,0.00699751,0.0210333,0.00149626,0.00479575,0.0016151,29.0469
0,0,49,370910000,-0.00128905,-0.00255707,-0.000427246,0.000705011,0.00165086,0.0005899,29.0469
0,0,49,420910000,-0.000109755,-0.000721581,0.00981045,-0.00137165,0.00350419,0.00184979,29.0469
0,0,49,470910000,-0.0206003,0.000102431,0.0219851,-0.000378862,0.00264812,0.00170786,29.0469
0,0,49,520910000,0.0145786,-0.00147783,-9.82285e-05,0.00193622,0.0039706,0.00114869,29.0469
0,0,49,570910000,-0.00282615,0.0149333,-0.0285759,-0.00142567,0.00387076,0.0023799,29.0469
0,0,49,620910000,-0.00880102,0.0132889,-0.0209074,0.000210293,0.000424124,0.00226516,29.0469
0,0,49,670910000,-0.0137803,0.0123944,0.0102863,-0.000218302,-0.00199303,0.00192057,29.0469
0,0,49,720910000,-0.0147597,-0.000924198,0.0284853,0.00332203,0.00197943,6.53789e-05,29.0469
0,0,49,770910000,-0.00647535,0.0047991,-0.000462532,0.00199545,0.00193361,0.00145342,29.0469
0,0,49,820910000,-0.0148714,0.00622336,-0.000739098,0.000259094,0.00135545,0.00181105,29.0039
0,0,49,870910000,-0.0263583,0.00631609,0.00590706,-0.000492483,0.00100899,0.00113863,29.0039
0,0,49,920910000,-0.014527,0.00213223,0.0197172,0.00167619,0.00040587,0.000901707,29.0039
0,0,49,970910000,0.00385734,0.00569057,0.0162439,-0.00265278,0.00350047,0.00207704,29.0039
0,0,50,20910000,-0.0111069,0.00658196,0.00369453,-0.000355393,0.00123587,0.000735559,29.0039
0,0,50,70910000,-0.0192778,-0.00397616,0.0170755,0.00154581,-0.000437349,0.000446104,29.0039
0,0,50,120910000,-0.0199768,-0.00069169,0.0142603,-0.00201426,0.00301059,0.00171494,29.0039
0,0,50,170910000,-0.0175953,0.0095612,0.0431433,0.000487082,0.00144858,0.00091996,29.0039
0,0,50,220910000,-0.0123187,-0.011368,0.00867462,0.00108574,0.00423435,0.00180323,29.0039
0,0,50,270910000,-0.00753895,-0.0064861,0.0132914,0.000134297,0.00190269,0.000154413,29.0039
0,0,50,320910000,-0.0101891,-0.0109476,0.0193214,0.000712089,0.00542831,0.000440516,29.0039
0,0,50,370910000,-0.00214805,0.0103677,0.029705,0.00114646,0.00147913,0.00205915,29.0039
0,0,50,420910000,0.00494601,0.0116869,0.026804,0.00131223,0.00366475,0.00175517,29.0039
0,0,50,470910000,-0.00450116,-0.00316384,0.0029726,0.00203867,0.00606794,0.00227932,29.0039
0,0,50,520910000,-0.0119456,-0.00544259,0.00975513,0.000745244,0.00579152,0.00200924,29.0039
0,0,50,570910000,-0.0070324,0.0106154,0.0089426,0.00229273,0.00311453,0.00272375,29.0039
0,0,50,620910000,-0.0282649,-0.0021043,0.00897121,0.00242312,0.00152681,0.00238921,29.0039
0,0,50,670910000,-0.0174943,0.000772849,0.00687408,0.00119116,0.0023501,0.000121258,29.0039
0,0,50,720910000,-0.0176393,0.00582791,-0.00602722,0.00255536,0.00298936,0.000288151,29.0039
0,0,50,770910000,-0.0123501,0.00677221,0.00325489,0.00197757,0.00360999,0.00180732,29.0039
0,0,50,820910000,-0.0285235,-0.00407633,0.024085,0.00191648,0.00215638,0.00181068,29.0352
0,0,50,870910000,-0.0220934,0.00102065,0.0273972,0.0019284,0.0038052,0.00196192,29.0352
0,0,50,920910000,-0.00838345,0.0206996,-0.00974846,0.00267196,0.00346135,0.00298489,29.0352
0,0,50,970910000,-0.00939578,0.00720995,-0.0158052,0.000366755,0.000910275,-0.000311062,29.0352
0,0,51,20910000,0.0173851,0.0191901,-0.0024929,0.00246596,-0.0013236,0.000458397,29.0352
0,0,51,70910000,-0.00421865,0.00378283,-0.0864677,-0.00752434,0.00524167,0.00117924,29.0352
0,0,51,120910000,0.00888094,-0.0170815,-0.0468044,0.00478122,-0.00691489,0.00327397,29.0352
0,0,51,170910000,-0.00380679,-0.00405631,-0.0503998,-0.00651404,-0.00118129,0.00209976,29.0352
0,0,51,220910000,-0.0152722,-0.0211882,0.0644407,0.00121426,0.00398886,0.00303332,29.0352
0,0,51,270910000,-0.0178025,-0.00220195,-0.00832844,0.00468772,0.00703167,0.00254009,29.0352
0,0,51,320910000,0.000622861,-0.0196131,-0.0270662,-0.00190362,0.00678431,-0.00076592,29.0352
0,0,51,370910000,-0.0235871,-0.0043241,0.00934219,0.00361148,-0.000750273,0.000241585,29.0352
0,0,51,420910000,-0.0133859,0.0108865,0.0257387,-0.00106655,0.00307057,0.00149887,29.0352
0,0,51,470910000,-0.0509227,-0.00290102,0.0856533,-0.00115335,0.0111299,-0.000153109,29.0352
0,0,51,520910000,-0.0307418,0.0187362,0.0248489,0.0114134,5.79283e-05,0.00155512,29.0352
0,0,51,570910000,-0.011462,0.0235797,0.00148582,0.00126529,-7.45058e-06,0.00218805,29.0352
0,0,51,620910000,-0.0153553,3.55765e-05,0.0153971,-0.00450425,-0.00159331,2.06754e-05,29.0352
0,0,51,670910000,-0.0381632,0.00952943,0.0383511,4.89876e-05,9.9279e-05,0.00182111,29.0352
0,0,51,720910000,-0.0140037,0.0109542,0.0196905,0.00126977,0.00155289,0.00130441,29.0352
0,0,51,770910000,-0.00905736,0.00786264,-0.00228691,-0.00135601,0.000139512,0.0027841,29.0547
0,0,51,820910000,-0.00263746,0.0236629,-0.0286503,0.00109319,0.00317674,-0.000952184,29.0547
0,0,51,870910000,0.0343584,0.0105372,-0.126639,-0.0068102,0.00548605,-0.000381097,29.0547
0,0,51,920910000,0.0213393,-0.00879641,-0.11519,-0.00440814,0.00115242,3.14787e-05,29.0547
0,0,51,970910000,-0.0199112,0.00833568,-0.0508289,0.00149105,-0.00920333,0.0025088,29.0547
0,0,52,20910000,-0.0291099,-0.00384552,0.0419369,-0.00244454,0.0021277,0.00282582,29.0547
0,0,52,70910000,-0.0218785,-0.00371794,0.0149097,0.0022212,0.0121137,0.00117701,29.0547
0,0,52,120910000,-0.00758183,-0.0254027,-0.0226364,0.00592936,0.00442024,0.00109132,29.0547
0,0,52,170910000,-0.003329,-0.00638009,-0.0022049,0.00278335,-0.00167042,0.00307504,29.0547
0,0,52,220910000,-0.0242567,0.0149389,0.0340195,0.00286456,0.000300817,0.00233818,29.0547
0,0,52,270910000,-0.0190318,0.00698672,0.0481796,0.00521373,0.00346843,0.00254344,29.0547
0,0,52,320910000,-0.0163752,0.00382625,0.0121021,0.00289474,0.00410248,0.00181962,29.0547
0,0,52,370910000,-0.0107783,0.00554595,0.00962639,0.000181608,-0.00137016,0.00210498,29.0547
0,0,52,420910000,-0.0319872,-0.0190482,0.0218601,-0.00208728,0.00134204,0.000247546,29.0547
0,0,52,470910000,-0.0221868,-0.00515243,0.00466537,8.25152e-05,0.0013886,0.000447221,29.0547
0,0,52,520910000,-0.0403959,-0.00153851,-0.00301266,-0.00135005,0.00157859,0.0026485,29.0547
0,0,52,570910000,-0.00790808,-0.00530812,0.0225763,0.000293739,0.005023,0.00126194,29.0547
0,0,52,620910000,-0.0200811,-0.000750568,0.0282688,0.00342038,0.0007255,0.000864826,29.0547
0,0,52,670910000,-0.0172613,-0.016342,0.0100155,0.000775419,0.00335183,0.00047069,29.0547
0,0,52,720910000,-0.0262364,-0.00345153,0.0235653,0.00014659,0.00261012,0.000212155,29.0547
0,0,52,770910000,-0.0227071,-0.00986377,0.0177965,-0.000105053,0.00214037,0.00236649,29.0352
0,0,52,820910000,-0.0226156,5.90459e-07,0.0138807,0.000895746,0.00265259,0.000898726,29.0352
0,0,52,870910000,-0.0108095,-0.00972454,0.0142374,0.000967644,0.00410099,0.000215136,29.0352
0,0,52,920910000,-0.036145,-0.00748485,0.00031662,0.00185426,0.0044683,0.00180248,29.0352
0,0,52,970910000,-0.0205855,-0.0126591,0.0245514,0.00167694,0.00374559,8.77306e-05,29.0352
0,0,53,20910000,-0.00866818,0.0056001,-0.0108728,0.00155214,0.00307243,0.00182893,29.0352
0,0,53,70910000,-0.0232975,-0.00416164,0.00524902,-0.00190847,-0.00028722,0.00105705,29.0352
0,0,53,120910000,-0.0140115,0.000737598,0.00916958,-0.00231378,0.00205394,-0.000694394,29.0352
0,0,53,170910000,-0.0306455,-0.0128278,0.018013,-0.000216439,0.00223275,0.0015391,29.0352
0,0,53,220910000,-0.00631993,0.00571817,-0.00202942,0.0014009,0.000532158,0.00180285,29.0352
0,0,53,270910000,-0.0128385,0.00638078,-0.000294685,0.000962429,0.000123866,0.00145491,29.0352
0,0,53,320910000,-0.0150361,-0.0169522,0.00518513,0.000738911,0.00248011,-0.000250712,29.0352
0,0,53,370910000,-0.00894756,-0.00630482,0.00804043,0.00241343,0.00186842,0.00277553,29.0352
0,0,53,420910000,-0.0115958,-0.00498066,0.0153866,0.000255741,0.00346508,0.000515021,29.0352
0,0,53,470910000,-0.0135372,-0.0153559,-0.00265694,0.00124481,0.00259783,0.00137892,29.0352
0,0,53,520910000,-0.0127308,-0.00546978,0.0214357,0.00156667,0.0039557,0.00187699,29.0352
0,0,53,570910000,-0.0149367,-0.011416,0.009305,0.00153314,0.0013357,0.00224616,29.0352
0,0,53,620910000,-0.0220759,-0.00391849,-0.00365067,-0.00164844,0.000931136,0.00126045,29.0352
0,0,53,670910000,-0.0140099,0.000798013,0.00390625,-0.00118613,0.0031231,0.00087712,29.0352
0,0,53,720910000,-0.00447868,-0.00242992,-0.00568962,-0.00149198,0.00401456,0.00116732,29.0352
0,0,53,770910000,-0.0126102,-0.00232091,0.00840187,0.00169408,0.00200886,0.000952743,29.0625
0,0,53,820910000,-0.027838,-0.00464215,0.0122957,0.000437163,0.0038268,0.00214335,29.0625
0,0,53,870910000,-0.0227279,-0.00785705,0.0104132,0.00135619,0.00201073,0.00115018,29.0625
0,0,53,920910000,-0.0248937,-0.00426254,0.0165234,0.00275578,0.00460315,0.000793301,29.0625
0,0,53,970910000,-0.0296598,-0.00725822,0.0160141,0.00440944,0.00320841,0.00187811,29.0625
0,0,54,20910000,-0.0109178,-0.00651041,0.0146151,0.00140239,0.00323933,0.0018226,29.0625
0,0,54,70910000,-0.00877599,-0.00278488,0.0166311,-0.000283495,0.00329148,0.00207443,29.0625
0,0,54,120910000,-0.0196909,-0.011694,0.00957584,0.00217836,0.00400897,0.00239219,29.0625
0,0,54,170910000,-0.0177667,-0.00147865,0.00382519,0.00429731,0.0010943,0.000348128,29.0625
0,0,54,220910000,-0.00616948,0.000752455,0.0092411,1.13621e-05,0.0038648,-0.000121444,29.0625
0,0,54,270910000,-0.0196506,-0.015177,0.0220537,0.00240821,0.00495631,0.000247918,29.0625
0,0,54,320910000,-0.0156074,-0.0191354,0.0078249,0.00223611,0.00458378,0.00104439,29.0625
0,0,54,370910000,-0.0250967,0.000311662,0.000426292,0.00029467,0.00102296,0.00183992,29.0625
0,0,54,420910000,-0.0212744,0.00417393,-0.00398445,0.00276994,0.0017168,0.00133943,29.0625
0,0,54,470910000,-0.00784865,-0.0120007,0.0167379,-0.00470318,0.00916626,0.00284333,29.0625
0,0,54,520910000,-0.0151439,-0.013218,0.00270176,0.00282284,0.0036614,0.00260901,29.0625
0,0,54,570910000,-0.0115317,0.00419417,-0.0056324,-0.00308827,0.00630338,0.00170823,29.0625
0,0,54,620910000,0.0125185,0.0101161,-0.0592546,0.00414941,-0.0111826,0.00294689,29.0625
0,0,54,670910000,0.00115896,0.00199081,-0.0956326,-0.0174955,-0.00864305,-0.00133738,29.0625
0,0,54,720910000,-0.0211846,-0.00270001,0.0624847,-0.0119261,-0.00342093,0.00288952,29.0625
0,0,54,770910000,-0.0163105,-0.00729774,0.0331087,0.000693835,-0.000391901,0.00259075,29.0625
0,0,54,820910000,-0.0144697,0.00990145,-0.058054,0.00297632,0.00362191,0.00143629,29.0625
0,0,54,870910000,0.00333745,0.0167465,-0.103519,-0.0053823,-0.00150353,0.00274498,29.0625
0,0,54,920910000,-0.0166475,-0.022308,-0.0020752,-0.00515021,-0.00409149,0.00267159,29.0625
0,0,54,970910000,-0.0192237,-0.00208005,0.0593014,0.000599585,-0.000151992,0.000757165,29.0625
0,0,55,20910000,-0.0230831,-0.0045422,0.0131769,0.00266712,0.00816118,0.000864081,29.0625
0,0,55,70910000,-0.013998,-0.0100984,-0.0303526,0.000119023,0.00493396,0.00274051,29.0625
0,0,55,120910000,-0.0164117,-0.0042778,-0.00127029,7.87899e-05,0.00131521,0.00138637,29.0625
0,0,55,170910000,-0.0396706,0.00614769,0.0103111,0.00355188,0.000162236,0.00104252,29.0625
0,0,55,220910000,-0.0296625,-0.023471,0.025877,0.00202488,0.00665169,0.00147801,29.0625
0,0,55,270910000,-0.0181494,-0.0179426,0.0256939,0.00461843,0.00471417,0.00120197,29.0625
0,0,55,320910000,-0.0183577,-0.00910707,0.0378761,0.00357348,0.00315402,0.00145827,29.0625
0,0,55,370910000,-0.0199405,-0.00773116,0.0146675,0.00404324,0.00209566,0.00192691,29.0625
0,0,55,420910000,-0.0290911,-0.00760844,0.0179491,0.00207406,0.000969879,0.00075791,29.0625
0,0,55,470910000,-0.0149797,-0.00565471,0.0421991,-0.000228733,0.00316519,0.00024382,29.0625
0,0,55,520910000,-0.0271993,0.00206457,0.0127277,0.00166576,0.00348706,0.00128765,29.0625
0,0,55,570910000,-0.0205047,-0.00218983,-0.00467777,0.00412334,0.0024097,0.000892021,29.0625
0,0,55,620910000,-0.00142694,-0.0114727,-0.00988007,0.00112932,0.00122879,0.00140574,29.0625
0,0,55,670910000,-0.000706442,-0.0263696,0.00834942,-0.00209138,0.00262391,0.000965782,29.0625
0,0,55,720910000,-0.0165511,0.00620933,-0.00761414,-0.00143088,0.000235252,0.000632741,29.0625
0,0,55,770910000,-0.0303818,0.013187,-0.00926399,0.00128988,0.00116657,0.00141468,29.0625
0,0,55,820910000,-0.0115547,-0.00166577,0.00591946,0.000969134,0.00167433,0.00150297,29.0625
0,0,55,870910000,-0.0240565,-0.0233667,-0.0108042,-0.00178851,0.00265334,-0.000265986,29.0625
0,0,55,920910000,-0.0222167,-0.00124412,0.0317879,0.00178944,-0.00142679,0.00154842,29.0625
0,0,55,970910000,-0.0173839,0.00548637,-0.0188398,0.0040656,-0.00329241,0.00368003,29.0625
0,0,56,20910000,-0.0358244,0.00683554,-0.00477982,-0.0066705,-0.000640377,-0.000799075,29.0625
0,0,56,70910000,-0.0314534,-0.0122468,0.062911,-0.00544898,0.00256579,0.00134576,29.0625
0,0,56,120910000,-0.0098449,0.00346303,0.0308285,0.00523534,0.00128914,0.000783987,29.0625
0,0,56,170910000,-0.0302356,-0.0127928,0.0413084,-0.000210106,0.0138374,-0.000452995,29.0625
0,0,56,220910000,-0.0229996,-0.000572987,-0.0181665,0.00721086,0.00435803,0.000414811,29.0625
